# Data for the a4a model 
# Full age range
 0 4 
# Full year range
 2003 2021 
# Number of surveys
 1 
# Survey min ages
 1 
# Survey max ages
 4 
# Survey time as a fraction into the year (one for each survey)
 0.6 
# fbar range
 1 3 
# Last age group considered plus group 0=no 1=yes
 1 
# Number of observations
 171 
# Observation data frame 
# fleet	year	age	observation	weights
1	2003	0	0.186469236595423	1
1	2003	1	2.64284119862501	1
1	2003	2	1.43422924862539	1
1	2003	3	-0.702329765277196	1
1	2003	4	-2.27130721392093	1
1	2004	0	0.355305339401072	1
1	2004	1	2.26292599652139	1
1	2004	2	0.713051379351785	1
1	2004	3	-1.6751652624784	1
1	2004	4	-2.67901979254475	1
1	2005	0	0.317261108061499	1
1	2005	1	2.31840944396305	1
1	2005	2	1.20844007221225	1
1	2005	3	-1.61220307363403	1
1	2005	4	-3.99736582159221	1
1	2006	0	0.62801118127265	1
1	2006	1	2.44601729834336	1
1	2006	2	1.62983675651755	1
1	2006	3	-0.98177453326463	1
1	2006	4	-2.87550278019427	1
1	2007	0	0.352181836279406	1
1	2007	1	2.6005335687447	1
1	2007	2	1.65741663885458	1
1	2007	3	-0.925215590254282	1
1	2007	4	-2.64871995192814	1
1	2008	0	0.237615510934297	1
1	2008	1	2.71542755683668	1
1	2008	2	0.793654440638805	1
1	2008	3	-1.8510376059891	1
1	2008	4	-3.9696948213775	1
1	2009	0	0.398560237317573	1
1	2009	1	2.18486988703061	1
1	2009	2	1.18245885172636	1
1	2009	3	-1.03301929655014	1
1	2009	4	-2.53352564298618	1
1	2010	0	-1.45972093200409	1
1	2010	1	2.07990030645655	1
1	2010	2	1.18079284804973	1
1	2010	3	-1.04152143214519	1
1	2010	4	-2.50157066602432	1
1	2011	0	-0.396466340880814	1
1	2011	1	2.16527186642927	1
1	2011	2	1.24676281198791	1
1	2011	3	-0.842299638372103	1
1	2011	4	-2.74580198244343	1
1	2012	0	-0.773766807703204	1
1	2012	1	2.15659622810633	1
1	2012	2	1.05347817077291	1
1	2012	3	-1.20541301060665	1
1	2012	4	-2.89457039537943	1
1	2013	0	1.38909578684443	1
1	2013	1	2.37355253318739	1
1	2013	2	1.09640181418535	1
1	2013	3	-0.993427496644212	1
1	2013	4	-2.8169552679999	1
1	2014	0	1.89681590434405	1
1	2014	1	2.90650667835542	1
1	2014	2	1.48972561762233	1
1	2014	3	-0.872966153898497	1
1	2014	4	-2.3273178620979	1
1	2015	0	2.07157434758383	1
1	2015	1	2.93185928498644	1
1	2015	2	1.49148852976622	1
1	2015	3	-0.888509935641141	1
1	2015	4	-2.98335408425621	1
1	2016	0	-1.48998876290164	1
1	2016	1	2.6696321040239	1
1	2016	2	1.56890018139406	1
1	2016	3	-0.716733265846107	1
1	2016	4	-2.36466079450831	1
1	2017	0	0.829409256252098	1
1	2017	1	3.01148497145416	1
1	2017	2	1.79566624892518	1
1	2017	3	-0.583253291845088	1
1	2017	4	-2.41964558034913	1
1	2018	0	-0.271344429761581	1
1	2018	1	2.72147875517827	1
1	2018	2	1.67862178221198	1
1	2018	3	-0.695429460488089	1
1	2018	4	-2.60976123694055	1
1	2019	0	-0.688036029748442	1
1	2019	1	2.29565447865822	1
1	2019	2	1.35486651019479	1
1	2019	3	-0.897372912599332	1
1	2019	4	-2.74340604059523	1
1	2020	0	-1.67850168540451	1
1	2020	1	1.68679633615527	1
1	2020	2	0.925937859432776	1
1	2020	3	-1.02544394421304	1
1	2020	4	-3.08626401540514	1
1	2021	0	-0.541340932000812	1
1	2021	1	2.03628278016754	1
1	2021	2	1.32522224598171	1
1	2021	3	-0.888234235925324	1
1	2021	4	-2.49633324994036	1
2	2003	1	2.82384466595458	1
2	2003	2	1.41844998299356	1
2	2003	3	-1.00094837163625	1
2	2003	4	-3.47201096594362	1
2	2004	1	2.31302861209482	1
2	2004	2	0.574800048082807	1
2	2004	3	-1.4921204613208	1
2	2004	4	-3.49799445161443	1
2	2005	1	2.03415545077984	1
2	2005	2	0.403850582289373	1
2	2005	3	-1.70682898911582	1
2	2005	4	-3.63260789077765	1
2	2006	1	2.32043804770193	1
2	2006	2	0.792693965115443	1
2	2006	3	-1.45166122736144	1
2	2006	4	-2.81342923688248	1
2	2007	1	2.80765731542968	1
2	2007	2	1.12291408019796	1
2	2007	3	-0.817820048104272	1
2	2007	4	-3.25350628713524	1
2	2008	1	1.86755447369527	1
2	2008	2	1.18778033730382	1
2	2008	3	-0.719964110194266	1
2	2008	4	-4.07843142879679	1
2	2009	1	1.88867426511562	1
2	2009	2	1.14770470408871	1
2	2009	3	-0.646531065671207	1
2	2009	4	-3.2101931029771	1
2	2010	1	2.1537413413752	1
2	2010	2	1.15423885050354	1
2	2010	3	-0.533414080082363	1
2	2010	4	-2.6392740403066	1
2	2011	1	2.04464217270553	1
2	2011	2	0.966736048956802	1
2	2011	3	-0.892791060135241	1
2	2011	4	-3.69077254405772	1
2	2012	1	2.36408080321695	1
2	2012	2	1.59588878261065	1
2	2012	3	-0.808904346057977	1
2	2012	4	-3.06397491932837	1
2	2013	1	2.06696571815491	1
2	2013	2	1.1467028909491	1
2	2013	3	-0.9357582368337	1
2	2013	4	-3.65800951009016	1
2	2014	1	3.70060481486809	1
2	2014	2	1.66622298603176	1
2	2014	3	-0.763360635376326	1
2	2014	4	-4.01004023513654	1
2	2015	1	2.70393992663367	1
2	2015	2	1.78498935579921	1
2	2015	3	-0.567261004376365	1
2	2015	4	-3.68988291198447	1
2	2016	1	2.83586978856193	1
2	2016	2	1.64704505052213	1
2	2016	3	-0.911764263989657	1
2	2016	4	-3.50935141907427	1
2	2017	1	3.69305073046282	1
2	2017	2	1.53907799855388	1
2	2017	3	-1.11306652358264	1
2	2017	4	-3.08200447540753	1
2	2018	1	2.80402251767136	1
2	2018	2	1.96472530095508	1
2	2018	3	-0.779334140019381	1
2	2018	4	-4.62129541903246	1
2	2019	1	3.69682306408004	1
2	2019	2	2.54431275482594	1
2	2019	3	0.0208576341134306	1
2	2019	4	-2.63181281865065	1
2	2020	1	4.49960273076549	1
2	2020	2	2.62835908826148	1
2	2020	3	0.230253628751697	1
2	2020	4	-2.80685534613129	1
2	2021	1	3.60874846240446	1
2	2021	2	2.05289605479378	1
2	2021	3	-0.608076836559602	1
2	2021	4	-2.70689262362762	1
# Auxilliary data frame 
# Number of auxilliary data
 95 
# year	age	m	m.spwn	harvest.spwn	mat.wt
2003	0	0.418710334858185	0.5	0.5	0	0.00643483029043522
2003	1	-0.139262067333508	0.5	0.5	0.0239541588461232	0.0239541588461232
2003	2	-0.356674943938732	0.5	0.5	0.0493448370748692	0.0493448370748692
2003	3	-0.462035459596559	0.5	0.5	0.0872556272340285	0.0872556272340285
2003	4	-0.527632742082372	0.5	0.5	0.138787878344947	0.138787878344947
2004	0	0.418710334858185	0.5	0.5	0	0.00690196137938526
2004	1	-0.139262067333508	0.5	0.5	0.0207081618029624	0.0207081618029624
2004	2	-0.356674943938732	0.5	0.5	0.0498552875725843	0.0498552875725843
2004	3	-0.462035459596559	0.5	0.5	0.0851096776162005	0.0851096776162005
2004	4	-0.527632742082372	0.5	0.5	0.136362971911131	0.136362971911131
2005	0	0.418710334858185	0.5	0.5	0	0.00676196574619329
2005	1	-0.139262067333508	0.5	0.5	0.0244815317444909	0.0244815317444909
2005	2	-0.356674943938732	0.5	0.5	0.0408975536279709	0.0408975536279709
2005	3	-0.462035459596559	0.5	0.5	0.0783530978205424	0.0783530978205424
2005	4	-0.527632742082372	0.5	0.5	0.148940444871719	0.148940444871719
2006	0	0.418710334858185	0.5	0.5	0	0.00458688305195733
2006	1	-0.139262067333508	0.5	0.5	0.0271994465800681	0.0271994465800681
2006	2	-0.356674943938732	0.5	0.5	0.0464500403846928	0.0464500403846928
2006	3	-0.462035459596559	0.5	0.5	0.0809480150402354	0.0809480150402354
2006	4	-0.527632742082372	0.5	0.5	0.142114703711323	0.142114703711323
2007	0	0.418710334858185	0.5	0.5	0	0.0063768242311612
2007	1	-0.139262067333508	0.5	0.5	0.0257029731338744	0.0257029731338744
2007	2	-0.356674943938732	0.5	0.5	0.0471987839432783	0.0471987839432783
2007	3	-0.462035459596559	0.5	0.5	0.0776354673822559	0.0776354673822559
2007	4	-0.527632742082372	0.5	0.5	0.141483126342409	0.141483126342409
2008	0	0.418710334858185	0.5	0.5	0	0.00680092764048535
2008	1	-0.139262067333508	0.5	0.5	0.0202894287442493	0.0202894287442493
2008	2	-0.356674943938732	0.5	0.5	0.0448664002635234	0.0448664002635234
2008	3	-0.462035459596559	0.5	0.5	0.0806684037120578	0.0806684037120578
2008	4	-0.527632742082372	0.5	0.5	0.138473199854723	0.138473199854723
2009	0	0.418710334858185	0.5	0.5	0	0.0052583805632445
2009	1	-0.139262067333508	0.5	0.5	0.024311937646538	0.024311937646538
2009	2	-0.356674943938732	0.5	0.5	0.0517400748517527	0.0517400748517527
2009	3	-0.462035459596559	0.5	0.5	0.0835500660500837	0.0835500660500837
2009	4	-0.527632742082372	0.5	0.5	0.147825141961873	0.147825141961873
2010	0	0.418710334858185	0.5	0.5	0	0.00740031458909492
2010	1	-0.139262067333508	0.5	0.5	0.0256319759562952	0.0256319759562952
2010	2	-0.356674943938732	0.5	0.5	0.0526968077352989	0.0526968077352989
2010	3	-0.462035459596559	0.5	0.5	0.0824712826542175	0.0824712826542175
2010	4	-0.527632742082372	0.5	0.5	0.158384158374954	0.158384158374954
2011	0	0.418710334858185	0.5	0.5	0	0.00473589436397184
2011	1	-0.139262067333508	0.5	0.5	0.0248695416790203	0.0248695416790203
2011	2	-0.356674943938732	0.5	0.5	0.0566736250724366	0.0566736250724366
2011	3	-0.462035459596559	0.5	0.5	0.0862589670321986	0.0862589670321986
2011	4	-0.527632742082372	0.5	0.5	0.128020115201335	0.128020115201335
2012	0	0.418710334858185	0.5	0.5	0	0.00604947103423881
2012	1	-0.139262067333508	0.5	0.5	0.0245146175496469	0.0245146175496469
2012	2	-0.356674943938732	0.5	0.5	0.0511205795655278	0.0511205795655278
2012	3	-0.462035459596559	0.5	0.5	0.082426266433158	0.082426266433158
2012	4	-0.527632742082372	0.5	0.5	0.142837630744158	0.142837630744158
2013	0	0.418710334858185	0.5	0.5	0	0.00540053405103763
2013	1	-0.139262067333508	0.5	0.5	0.0195437928626526	0.0195437928626526
2013	2	-0.356674943938732	0.5	0.5	0.0548272136984394	0.0548272136984394
2013	3	-0.462035459596559	0.5	0.5	0.0857414423546628	0.0857414423546628
2013	4	-0.527632742082372	0.5	0.5	0.138510432151686	0.138510432151686
2014	0	0.418710334858185	0.5	0.5	0	0.00340266997297916
2014	1	-0.139262067333508	0.5	0.5	0.0210465289173438	0.0210465289173438
2014	2	-0.356674943938732	0.5	0.5	0.0533271522675383	0.0533271522675383
2014	3	-0.462035459596559	0.5	0.5	0.082081517884628	0.082081517884628
2014	4	-0.527632742082372	0.5	0.5	0.130794191609	0.130794191609
2015	0	0.418710334858185	0.5	0.5	0	0.00421911250336111
2015	1	-0.139262067333508	0.5	0.5	0.0220461235781525	0.0220461235781525
2015	2	-0.356674943938732	0.5	0.5	0.0496550115583129	0.0496550115583129
2015	3	-0.462035459596559	0.5	0.5	0.0792493023006624	0.0792493023006624
2015	4	-0.527632742082372	0.5	0.5	0.130813853105115	0.130813853105115
2016	0	0.418710334858185	0.5	0.5	0	0.00757282910626368
2016	1	-0.139262067333508	0.5	0.5	0.0258779908562767	0.0258779908562767
2016	2	-0.356674943938732	0.5	0.5	0.0518325359554737	0.0518325359554737
2016	3	-0.462035459596559	0.5	0.5	0.0854102499017453	0.0854102499017453
2016	4	-0.527632742082372	0.5	0.5	0.132540307839988	0.132540307839988
2017	0	0.418710334858185	0.5	0.5	0	0.00572427935052057
2017	1	-0.139262067333508	0.5	0.5	0.0237116668014701	0.0237116668014701
2017	2	-0.356674943938732	0.5	0.5	0.0510038314215595	0.0510038314215595
2017	3	-0.462035459596559	0.5	0.5	0.0827573522449522	0.0827573522449522
2017	4	-0.527632742082372	0.5	0.5	0.129276014346586	0.129276014346586
2018	0	0.418710334858185	0.5	0.5	0	0.0069015005981847
2018	1	-0.139262067333508	0.5	0.5	0.0249189195932051	0.0249189195932051
2018	2	-0.356674943938732	0.5	0.5	0.0526137969790262	0.0526137969790262
2018	3	-0.462035459596559	0.5	0.5	0.0852569616060709	0.0852569616060709
2018	4	-0.527632742082372	0.5	0.5	0.125011199859205	0.125011199859205
2019	0	0.418710334858185	0.5	0.5	0	0.0054197818606549
2019	1	-0.139262067333508	0.5	0.5	0.0259114202277314	0.0259114202277314
2019	2	-0.356674943938732	0.5	0.5	0.0525731922482005	0.0525731922482005
2019	3	-0.462035459596559	0.5	0.5	0.0800466256222165	0.0800466256222165
2019	4	-0.527632742082372	0.5	0.5	0.148500284228298	0.148500284228298
2020	0	0.418710334858185	0.5	0.5	0	0.00703302005350456
2020	1	-0.139262067333508	0.5	0.5	0.0264674534152589	0.0264674534152589
2020	2	-0.356674943938732	0.5	0.5	0.0549653457552052	0.0549653457552052
2020	3	-0.462035459596559	0.5	0.5	0.0922824395067152	0.0922824395067152
2020	4	-0.527632742082372	0.5	0.5	0.123218783538057	0.123218783538057
2021	0	0.418710334858185	0.5	0.5	0	0.00604203137371353
2021	1	-0.139262067333508	0.5	0.5	0.0257685505468819	0.0257685505468819
2021	2	-0.356674943938732	0.5	0.5	0.0545553574561193	0.0545553574561193
2021	3	-0.462035459596559	0.5	0.5	0.0958558009678906	0.0958558009678906
2021	4	-0.527632742082372	0.5	0.5	0.154002958364919	0.154002958364919
