
Initial statistics: 23 variables; iteration 0; function evaluation 0; phase 1
Function value   2.6406819e+03; maximum gradient component mag  -2.5460e+03
Var   Value    Gradient   |Var   Value    Gradient   |Var   Value    Gradient
  1  0.00000 -2.25008e+03 |  2  0.00000 -2.59776e+02 |  3  0.00000 -4.94692e+02
  4  0.00000 -2.54601e+03 |  5  0.00000 -7.96213e+02 |  6  0.00000 -3.68809e+01
  7  0.00000 -4.04419e+01 |  8  0.00000 -4.49103e+01 |  9  0.00000 -4.85575e+01
 10  0.00000 -4.76722e+01 | 11  0.00000 -4.73359e+01 | 12  0.00000 -4.68931e+01
 13  0.00000 -4.56203e+01 | 14  0.00000 -4.67475e+01 | 15  0.00000 -4.80345e+01
 16  0.00000 -5.23831e+01 | 17  0.00000 -5.06875e+01 | 18  0.00000 -5.24114e+01
 19  0.00000 -5.02771e+01 | 20  0.00000 -5.04489e+01 | 21  0.00000 -3.96728e+01
 22  0.00000 -2.69055e+01 | 23  0.00000 -1.14632e+01 |
Maximum number of function evaluations exceeded
 - final statistics:
23 variables; iteration 3; function evaluation 10
Function value   1.9134e+03; maximum gradient component mag  -2.3587e+03
Exit code = 3;  converg criter   1.0000e-01
Var   Value    Gradient   |Var   Value    Gradient   |Var   Value    Gradient
  1 -0.50579 -1.97377e+03 |  2  0.18986 -1.90065e+02 |  3 -0.14232 -6.44442e+02
  4 -0.17689 -2.35873e+03 |  5  2.49797 -7.23453e+02 |  6  0.11138 -3.29253e+01
  7  0.13361 -3.63732e+01 |  8  0.15356 -4.09036e+01 |  9  0.15703 -4.44361e+01
 10  0.14437 -4.36021e+01 | 11  0.13902 -4.33993e+01 | 12  0.13837 -4.29715e+01
 13  0.11893 -4.22689e+01 | 14  0.13121 -4.30106e+01 | 15  0.13454 -4.43094e+01
 16  0.17085 -4.77842e+01 | 17  0.16733 -4.60288e+01 | 18  0.17506 -4.76049e+01
 19  0.13908 -4.63355e+01 | 20  0.16002 -4.59691e+01 | 21  0.11327 -3.55727e+01
 22  0.07770 -2.37111e+01 | 23  0.02764 -1.00283e+01 |

Initial statistics: 26 variables; iteration 0; function evaluation 0; phase 2
Function value   1.9134375e+03; maximum gradient component mag  -2.1893e+03
Var   Value    Gradient   |Var   Value    Gradient   |Var   Value    Gradient
  1  0.00000 -3.50785e+02 |  2  0.00000 -1.40529e+01 |  3  0.00000  8.35413e+01
  4 -0.50579 -2.18934e+03 |  5  0.18986 -1.31839e+02 |  6 -0.14232 -7.35605e+02
  7 -0.17689 -1.27525e+03 |  8  2.49797 -9.01115e+02 |  9  0.11138 -4.47333e+01
 10  0.13361 -4.79295e+01 | 11  0.15356 -5.32470e+01 | 12  0.15703 -5.62407e+01
 13  0.14437 -5.37649e+01 | 14  0.13902 -5.28127e+01 | 15  0.13837 -5.20728e+01
 16  0.11893 -5.04718e+01 | 17  0.13121 -5.15206e+01 | 18  0.13454 -5.49782e+01
 19  0.17085 -6.25312e+01 | 20  0.16733 -6.01096e+01 | 21  0.17506 -6.20393e+01
 22  0.13908 -5.62312e+01 | 23  0.16002 -5.81922e+01 | 24  0.11327 -4.05829e+01
 25  0.07770 -2.40651e+01 | 26  0.02764 -5.40685e+00 |
Maximum number of function evaluations exceeded
 - final statistics:
26 variables; iteration 6; function evaluation 20
Function value   7.9095e+02; maximum gradient component mag  -1.1247e+03
Exit code = 3;  converg criter   1.0000e-02
Var   Value    Gradient   |Var   Value    Gradient   |Var   Value    Gradient
  1  1.35666  1.25804e+02 |  2  0.12913 -3.83076e+01 |  3 -0.49881  3.58710e+01
  4 -0.91350 -1.12467e+03 |  5 -1.07337 -1.07189e+02 |  6 -0.64559 -1.90097e+02
  7 -0.72739 -2.56085e+02 |  8  4.98182 -3.62129e+02 |  9  0.24095 -1.46890e+01
 10  0.22768 -2.63719e+00 | 11  0.29532 -8.83266e+00 | 12  0.32279 -1.74869e+01
 13  0.28090 -1.38058e+01 | 14  0.26986 -1.53748e+01 | 15  0.26485 -9.74089e+00
 16  0.23879 -1.95404e+01 | 17  0.25289 -1.49724e+01 | 18  0.28791 -2.96043e+01
 19  0.38119 -3.50880e+01 | 20  0.35104 -2.75381e+01 | 21  0.37574 -3.11026e+01
 22  0.29644 -3.44021e+01 | 23  0.35091 -3.29131e+01 | 24  0.21031 -3.10532e+01
 25  0.12283 -2.14734e+01 | 26 -0.00395  6.15669e-01 |

Initial statistics: 62 variables; iteration 0; function evaluation 0; phase 3
Function value   7.9095035e+02; maximum gradient component mag   1.1886e+03
Var   Value    Gradient   |Var   Value    Gradient   |Var   Value    Gradient
  1  0.00000  7.68685e+02 |  2  0.00000  7.96279e+00 |  3  0.00000  2.88537e+01
  4  0.00000  1.86223e+01 |  5  0.00000  5.93982e+01 |  6  0.00000  5.69214e+01
  7  0.00000  7.54409e+01 |  8  0.00000  3.97073e+01 |  9  0.00000 -1.23026e+01
 10  0.00000  1.14817e+01 | 11  0.00000 -7.01726e+00 | 12  0.00000  2.08007e+01
 13  0.00000  2.65602e+01 | 14  0.00000  5.70604e+01 | 15  0.00000  4.09542e+01
 16  0.00000  5.96569e+01 | 17  0.00000 -9.91530e+00 | 18  0.00000 -5.04924e+01
 19  0.00000 -7.36878e+01 | 20  0.00000 -6.56498e+01 | 21  0.00000 -3.20826e+01
 22  0.00000 -6.28223e+01 | 23  0.00000 -3.52942e+01 | 24  0.00000 -6.67410e+01
 25  0.00000 -5.07246e+01 | 26  0.00000 -3.74828e+00 | 27  0.00000 -3.68290e+01
 28  0.00000 -2.49756e+01 | 29  0.00000 -3.87955e+01 | 30  0.00000 -3.35401e+01
 31  0.00000 -4.37233e+01 | 32  0.00000 -3.37968e+01 | 33  0.00000 -1.84696e+01
 34  0.00000  1.18861e+03 | 35  0.00000 -1.35821e+02 | 36  0.00000 -1.14088e+03
 37  1.35666  1.25804e+02 | 38  0.12913 -3.83076e+01 | 39 -0.49881  3.58710e+01
 40 -0.91350 -1.12467e+03 | 41 -1.07337 -1.07189e+02 | 42 -0.64559 -1.90097e+02
 43 -0.72739 -2.56085e+02 | 44  4.98182 -3.62129e+02 | 45  0.24095 -1.46890e+01
 46  0.22768 -2.63719e+00 | 47  0.29532 -8.83266e+00 | 48  0.32279 -1.74869e+01
 49  0.28090 -1.38058e+01 | 50  0.26986 -1.53748e+01 | 51  0.26485 -9.74089e+00
 52  0.23879 -1.95404e+01 | 53  0.25289 -1.49724e+01 | 54  0.28791 -2.96043e+01
 55  0.38119 -3.50880e+01 | 56  0.35104 -2.75381e+01 | 57  0.37574 -3.11026e+01
 58  0.29644 -3.44021e+01 | 59  0.35091 -3.29131e+01 | 60  0.21031 -3.10532e+01
 61  0.12283 -2.14734e+01 | 62 -0.00395  6.15669e-01 |

Intermediate statistics: 62 variables; iteration 10; function evaluation 15; phase 3
Function value   3.4717427e+02; maximum gradient component mag  -3.8221e+02
Var   Value    Gradient   |Var   Value    Gradient   |Var   Value    Gradient
  1 -0.67013  3.45182e+02 |  2 -0.29994  6.99806e+00 |  3  0.04462  1.38066e+01
  4 -0.13010  1.07921e+01 |  5  0.06397  1.93190e+01 |  6 -0.00284  1.21230e+01
  7 -0.01738  1.49248e+01 |  8 -0.32038  3.39703e+00 |  9 -0.17804 -6.14008e+00
 10  0.35682  1.45002e+01 | 11  0.01068  8.94277e+00 | 12  0.22731  1.63588e+01
 13  0.04578  1.40634e+01 | 14  0.11537  1.36744e+01 | 15 -0.07510  5.31681e+00
 16  0.10133  9.40108e+00 | 17 -0.02810 -6.23134e+00 | 18 -0.65203 -1.59635e+01
 19 -0.50377 -2.71146e+01 | 20  0.22896 -1.05655e+01 | 21  0.00567 -1.16592e+01
 22  0.27549 -1.09641e+01 | 23  0.25038 -9.21183e+00 | 24  0.31866 -1.22582e+01
 25 -0.07115 -1.59112e+01 | 26 -1.41101 -1.54995e+01 | 27 -0.01029 -1.18603e+01
 28 -0.00763 -1.33123e+01 | 29  0.12632 -1.39330e+01 | 30  0.27867 -1.43969e+01
 31  0.34004 -1.46968e+01 | 32  0.18328 -1.48496e+01 | 33 -0.12657 -8.80623e+00
 34  0.27553  3.80352e+02 | 35  0.44072 -2.72014e+01 | 36 -0.29279 -3.82213e+02
 37  0.89182 -3.67374e+01 | 38  1.82710 -1.18769e+01 | 39 -1.45702 -3.53612e+01
 40  0.05315 -2.46943e+02 | 41  0.02517 -2.67965e+01 | 42 -0.41569 -5.84259e+01
 43 -0.52167 -3.13229e+01 | 44  3.99014 -1.54961e+02 | 45 -0.22305 -1.00946e+01
 46  0.03893 -6.38127e+00 | 47  0.12678 -7.17408e+00 | 48  0.24218 -9.45814e+00
 49  0.06262 -8.93500e+00 | 50  0.06419 -9.57040e+00 | 51  0.05358 -8.59577e+00
 52 -0.03378 -9.50416e+00 | 53  0.10047 -8.59016e+00 | 54  0.16218 -1.11691e+01
 55  0.53791 -1.22553e+01 | 56  0.22241 -8.75798e+00 | 57  0.43950 -8.40319e+00
 58  0.55567 -9.71300e+00 | 59  0.47549 -1.04021e+01 | 60  0.29553 -9.51388e+00
 61  0.37415 -4.99984e+00 | 62  0.02327 -4.17682e-01 |
62 variables; iteration 20; function evaluation 25; phase 3
Function value   2.6714691e+02; maximum gradient component mag   2.3262e+02
Var   Value    Gradient   |Var   Value    Gradient   |Var   Value    Gradient
  1 -0.33429  1.58308e+02 |  2  0.17241  1.07912e+01 |  3 -0.00465  1.76270e-01
  4  0.10156  2.51538e+00 |  5  0.14455  1.08162e+01 |  6  0.38353  1.80450e+01
  7  0.23251  4.45582e+00 |  8  0.28337  6.45241e+00 |  9 -1.31514 -2.26430e+00
 10  0.25738  1.68330e+01 | 11  0.15676 -8.39769e-01 | 12 -0.00174 -2.75272e+00
 13 -0.01788 -6.13268e-01 | 14  0.32806  1.64373e+01 | 15  0.20547  4.65964e+00
 16  0.35456  3.50492e+00 | 17  0.17930 -6.67251e-01 | 18  0.02488 -8.81727e+00
 19  0.00361 -1.76732e+01 | 20  0.01714 -9.45035e+00 | 21 -0.10000 -1.00094e+01
 22  0.04230 -1.54809e+01 | 23 -0.07640 -1.17830e+01 | 24  0.32748 -7.68401e+00
 25 -0.00418 -1.09208e+01 | 26 -1.08134 -7.83118e+00 | 27  0.52430 -4.14776e+00
 28  0.05623 -5.69407e+00 | 29  0.16682 -6.48430e+00 | 30  0.37832 -4.87126e+00
 31  0.47671 -6.11788e+00 | 32  0.04603 -7.22178e+00 | 33 -0.41702 -3.30562e+00
 34 -0.22872  2.32617e+02 | 35  0.59400 -2.97267e+01 | 36 -0.49319 -2.22053e+02
 37  0.52594 -5.90330e+00 | 38  3.23114  9.04139e+00 | 39 -0.66813  4.63120e+01
 40  0.00642 -9.68318e+01 | 41 -0.98441 -2.31214e+01 | 42 -0.70831 -2.93121e+01
 43 -0.40866 -1.30818e+01 | 44  5.10683 -8.25745e+01 | 45 -0.77561 -6.60240e+00
 46 -0.49971 -7.50852e+00 | 47 -0.08272 -6.88781e+00 | 48  0.12550 -4.96525e+00
 49 -0.03315 -1.02945e+00 | 50 -0.19840 -2.34283e+00 | 51 -0.31186 -2.49373e+00
 52 -0.31544 -4.26782e+00 | 53 -0.12763 -2.41463e+00 | 54  0.09009 -6.37827e+00
 55  0.62651 -8.13995e+00 | 56  0.45424 -8.38709e+00 | 57  0.69306 -5.94059e+00
 58  0.89522 -2.14764e+00 | 59  0.89608 -3.20216e+00 | 60  0.95272 -4.06376e+00
 61  0.79360 -4.18835e+00 | 62 -0.00969 -1.94147e+00 |
Maximum number of function evaluations exceeded
 - final statistics:
62 variables; iteration 26; function evaluation 30
Function value   2.3192e+02; maximum gradient component mag   1.1201e+02
Exit code = 3;  converg criter   1.0000e-03
Var   Value    Gradient   |Var   Value    Gradient   |Var   Value    Gradient
  1 -0.29854  6.65396e+01 |  2  0.52623  7.78483e+00 |  3 -0.04057  1.43449e+00
  4  0.34332  6.72095e+00 |  5  0.08715  4.29616e+00 |  6  0.20362  4.18310e+00
  7  0.14900  3.10204e+00 |  8 -0.39195  3.56425e-01 |  9 -2.14287 -1.21416e+00
 10  0.64584  8.95913e+00 | 11  0.73893 -9.57315e-01 | 12  0.79908  4.54250e+00
 13  0.52245  1.34161e+00 | 14  1.05856  6.23196e+00 | 15  0.69497 -3.66051e-01
 16  0.97281  8.40655e-01 | 17 -0.18533 -1.86013e+00 | 18  0.24473 -1.23793e+00
 19  0.25259 -3.67984e+00 | 20  0.03637 -3.21229e+00 | 21 -0.40320 -7.88751e+00
 22  0.12209 -6.61933e+00 | 23 -0.44328 -1.02744e+01 | 24  0.18164 -8.22897e+00
 25 -0.23976 -5.42519e+00 | 26 -0.93444 -3.10598e+00 | 27 -0.05259 -4.07592e+00
 28 -0.36836 -3.39615e+00 | 29  0.20601 -2.35499e+00 | 30  0.25207 -3.35981e+00
 31  0.70995 -1.88659e+00 | 32  0.55466 -8.85344e-01 | 33 -0.70441 -1.32238e+00
 34 -1.48866  1.12014e+02 | 35  0.24221 -1.56138e+01 | 36 -1.35619 -1.06157e+02
 37  0.33738 -7.02185e+00 | 38  2.41007  3.59055e-01 | 39 -0.48234  3.15143e+01
 40 -0.01151 -3.68290e+01 | 41 -1.52455 -1.46176e+01 | 42 -0.70761 -8.98926e+00
 43 -0.29381  1.14190e+01 | 44  5.33816 -4.24298e+01 | 45 -0.78809 -2.38276e+00
 46 -0.31188 -4.99191e+00 | 47  0.13457 -4.73956e+00 | 48  0.27571 -1.35235e+00
 49 -0.01604 -3.04890e-01 | 50 -0.15094 -3.46204e+00 | 51 -0.15092 -3.22266e+00
 52 -0.06184 -3.12696e+00 | 53 -0.08668 -1.64802e+00 | 54  0.04940 -3.40442e+00
 55  0.61009 -3.09635e+00 | 56  0.50638 -3.50064e+00 | 57  0.71613 -6.30570e-01
 58  0.61224 -1.37468e+00 | 59  0.39264 -4.06639e+00 | 60  0.42862 -3.11929e-01
 61  0.34784 -7.15791e-01 | 62  0.12775 -1.91685e-01 |

Initial statistics: 65 variables; iteration 0; function evaluation 0; phase 4
Function value   2.3192027e+02; maximum gradient component mag   1.1201e+02
Var   Value    Gradient   |Var   Value    Gradient   |Var   Value    Gradient
  1 -0.29854  6.65396e+01 |  2  0.52623  7.78483e+00 |  3 -0.04057  1.43449e+00
  4  0.34332  6.72095e+00 |  5  0.08715  4.29616e+00 |  6  0.20362  4.18310e+00
  7  0.14900  3.10204e+00 |  8 -0.39195  3.56425e-01 |  9 -2.14287 -1.21416e+00
 10  0.64584  8.95913e+00 | 11  0.73893 -9.57315e-01 | 12  0.79908  4.54250e+00
 13  0.52245  1.34161e+00 | 14  1.05856  6.23196e+00 | 15  0.69497 -3.66051e-01
 16  0.97281  8.40655e-01 | 17 -0.18533 -1.86013e+00 | 18  0.24473 -1.23793e+00
 19  0.25259 -3.67984e+00 | 20  0.03637 -3.21229e+00 | 21 -0.40320 -7.88751e+00
 22  0.12209 -6.61933e+00 | 23 -0.44328 -1.02744e+01 | 24  0.18164 -8.22897e+00
 25 -0.23976 -5.42519e+00 | 26 -0.93444 -3.10598e+00 | 27 -0.05259 -4.07592e+00
 28 -0.36836 -3.39615e+00 | 29  0.20601 -2.35499e+00 | 30  0.25207 -3.35981e+00
 31  0.70995 -1.88659e+00 | 32  0.55466 -8.85344e-01 | 33 -0.70441 -1.32238e+00
 34 -1.48866  1.12014e+02 | 35  0.24221 -1.56138e+01 | 36 -1.35619 -1.06157e+02
 37  0.33738 -7.02185e+00 | 38  2.41007  3.59055e-01 | 39 -0.48234  3.15143e+01
 40 -0.01151 -3.68290e+01 | 41 -1.52455 -1.46176e+01 | 42 -0.70761 -8.98926e+00
 43 -0.29381  1.14190e+01 | 44  0.00000 -3.34412e+01 | 45  0.00000  3.52155e+00
 46  0.00000  5.70440e+01 | 47  5.33816 -4.24298e+01 | 48 -0.78809 -2.38276e+00
 49 -0.31188 -4.99191e+00 | 50  0.13457 -4.73956e+00 | 51  0.27571 -1.35235e+00
 52 -0.01604 -3.04890e-01 | 53 -0.15094 -3.46204e+00 | 54 -0.15092 -3.22266e+00
 55 -0.06184 -3.12696e+00 | 56 -0.08668 -1.64802e+00 | 57  0.04940 -3.40442e+00
 58  0.61009 -3.09635e+00 | 59  0.50638 -3.50064e+00 | 60  0.71613 -6.30570e-01
 61  0.61224 -1.37468e+00 | 62  0.39264 -4.06639e+00 | 63  0.42862 -3.11929e-01
 64  0.34784 -7.15791e-01 | 65  0.12775 -1.91685e-01 |

Intermediate statistics: 65 variables; iteration 10; function evaluation 16; phase 4
Function value   1.3956884e+02; maximum gradient component mag  -5.4646e+01
Var   Value    Gradient   |Var   Value    Gradient   |Var   Value    Gradient
  1 -0.39134  4.55739e+01 |  2  0.44049  3.86965e+00 |  3  0.05890  4.05342e+00
  4  0.33077  6.61646e+00 |  5  0.11551  4.87254e+00 |  6  0.17158 -3.22401e-01
  7  0.10743 -5.74808e-01 |  8 -0.53586  2.31269e-01 |  9 -2.16622 -7.57080e-01
 10  0.88956 -6.50091e+00 | 11  0.76394  8.16593e+00 | 12  0.72253  7.11340e+00
 13  0.51706  1.05173e+01 | 14  0.94150  7.27965e+00 | 15  0.74899 -1.18138e+00
 16  0.98384  2.41146e+00 | 17 -0.07052  3.88437e-01 | 18  0.50688 -3.56559e+00
 19  0.34053 -4.07135e+00 | 20 -0.15423 -5.15065e+00 | 21 -0.15239  1.05745e+00
 22  0.23120  8.83091e-01 | 23 -0.03896  3.33417e+00 | 24  0.36696 -2.23306e+00
 25 -0.33601 -3.34355e+00 | 26 -0.69093 -3.43555e+00 | 27  0.09735 -8.98328e-01
 28 -0.22830 -1.68345e+00 | 29  0.18568 -2.08491e+00 | 30  0.39426 -1.81115e+00
 31  0.53439 -2.47397e+00 | 32  0.10170 -2.08609e+00 | 33 -0.82451 -6.64956e-01
 34 -1.33321  4.86543e+01 | 35  0.96654 -6.18352e+00 | 36 -1.30412 -5.46464e+01
 37  0.01339  1.51846e+01 | 38  2.31465 -5.39998e-01 | 39 -0.64034 -1.94288e+01
 40 -0.44675 -1.71546e+01 | 41 -2.00503  2.34886e+00 | 42 -0.68990  2.75268e+00
 43 -0.95954 -7.43866e+00 | 44  0.90599  2.70828e+01 | 45 -0.17530 -2.51780e+00
 46 -1.73715 -4.12804e+01 | 47  5.52666 -1.79978e+01 | 48 -0.59872  1.42169e+00
 49 -0.05098 -1.46305e-01 | 50  0.20261 -6.93149e-01 | 51  0.16786 -2.29653e+00
 52 -0.14569 -3.17271e+00 | 53 -0.08874 -1.67364e+00 | 54 -0.17584 -2.48670e+00
 55 -0.16709 -3.69428e+00 | 56 -0.19534 -4.01596e+00 | 57  0.11329 -2.30249e+00
 58  0.65026 -9.93236e-01 | 59  0.48575 -7.85874e-01 | 60  0.60520  3.22329e-01
 61  0.67719  1.71068e+00 | 62  0.56049  1.10177e+00 | 63  0.27447 -1.94639e+00
 64  0.33515  1.42080e+00 | 65  0.13227  5.53365e-01 |
65 variables; iteration 20; function evaluation 26; phase 4
Function value   1.1823243e+02; maximum gradient component mag   1.2995e+02
Var   Value    Gradient   |Var   Value    Gradient   |Var   Value    Gradient
  1 -0.38302  1.29950e+02 |  2  0.38814 -2.96882e+00 |  3  0.25317  3.10718e+00
  4  0.07561 -9.19536e-01 |  5  0.06444 -2.74802e+00 |  6  0.34606 -1.33351e+00
  7 -0.04909  1.68268e-01 |  8 -1.16007 -3.29034e+00 |  9 -2.34778 -2.44232e+00
 10  0.15519 -4.69520e+00 | 11  0.32608  4.84194e+00 | 12  0.06889  8.40205e+00
 13  0.01759 -2.62203e+00 | 14  0.28726  6.61030e-01 | 15  0.19135  4.01107e+00
 16  0.35076  1.13483e+01 | 17 -0.78326 -1.52477e+00 | 18  0.50808  8.57559e-01
 19  0.31386  1.35902e+00 | 20  0.22945  1.11444e+00 | 21 -0.04846  2.00480e+00
 22  0.38912  1.65074e+00 | 23  0.05380 -1.52664e+00 | 24  0.50081  4.33496e+00
 25 -0.06678  6.71756e+00 | 26 -0.30835 -2.95074e+00 | 27  0.01969 -4.11495e+00
 28  0.06773 -2.39194e+00 | 29  0.30113 -3.24053e+00 | 30  0.52097 -3.56271e+00
 31  0.74314 -1.38340e+00 | 32  0.32173 -4.38716e+00 | 33 -0.92369 -4.29196e+00
 34  0.05808  1.72170e+01 | 35  1.81499  1.87111e+01 | 36  0.03950 -2.59102e+01
 37  0.05723 -3.62945e+01 | 38  2.20444  1.03377e+00 | 39 -0.44884 -6.17259e+00
 40 -0.55468  1.69404e+01 | 41 -2.27188  3.59962e+00 | 42 -0.74793 -8.22825e+00
 43 -0.81542  2.54011e+00 | 44  0.71960 -7.11175e+00 | 45 -0.19591 -1.43170e+00
 46 -1.66532 -2.97934e+00 | 47  5.34802 -2.92509e+01 | 48 -0.44889 -4.95481e+00
 49 -0.01712 -1.22670e+00 | 50  0.22201  2.92042e+00 | 51  0.28879 -7.54637e-01
 52  0.02187 -4.34562e+00 | 53 -0.14692 -5.95146e+00 | 54 -0.33422 -3.29907e+00
 55 -0.22292  5.78863e-01 | 56 -0.15163  1.59250e+00 | 57  0.14724 -2.93517e-01
 58  0.53285 -2.00290e+00 | 59  0.51168 -3.79521e-01 | 60  0.65731 -4.52716e-01
 61  0.56943 -3.17329e+00 | 62  0.29171 -4.48675e+00 | 63 -0.07894 -2.53178e+00
 64  0.10724  8.62488e-01 | 65  0.21271 -6.31697e-01 |
65 variables; iteration 30; function evaluation 38; phase 4
Function value   9.6662007e+01; maximum gradient component mag   5.8085e+01
Var   Value    Gradient   |Var   Value    Gradient   |Var   Value    Gradient
  1 -0.66554  5.80854e+01 |  2  0.13283 -2.57776e+00 |  3 -0.09204 -4.23509e-01
  4  0.04280 -1.33195e+00 |  5  0.83399  1.70574e+00 |  6  0.08414 -8.55362e-01
  7  1.12724  6.86928e+00 |  8 -0.63575  1.97070e+00 |  9 -2.75068 -1.45075e+00
 10 -0.43550  5.68995e+00 | 11 -0.26938 -6.18192e+00 | 12 -0.59322 -3.33686e+00
 13 -0.59573 -8.80549e+00 | 14 -0.40931  3.21496e-01 | 15 -0.39460 -4.44536e+00
 16 -0.50690  1.00538e+01 | 17 -1.48892  6.76945e-01 | 18  0.73291 -1.26354e+00
 19  1.09677  6.55581e+00 | 20  0.82919  6.23819e+00 | 21  0.69265  1.90184e+00
 22  1.10195  2.73693e+00 | 23  0.69525 -8.02144e-01 | 24  1.14598 -4.78298e+00
 25  0.37702 -1.59273e+00 | 26 -0.30223 -2.26902e-01 | 27  0.11026 -1.00695e+00
 28 -0.21781 -1.75173e+00 | 29  0.35033  4.49531e-01 | 30  0.38271 -2.01301e+00
 31  0.59837  1.46601e-03 | 32  0.34378 -1.17477e+00 | 33 -1.05582 -2.13448e+00
 34  2.22247  8.75611e+00 | 35  2.82744  1.55338e+00 | 36  1.89390 -1.55502e+01
 37 -0.13829 -3.15061e+01 | 38  2.28542  3.60564e-01 | 39 -0.57240  5.20402e+00
 40 -0.84216  1.75109e+01 | 41 -3.49027 -3.14970e-01 | 42 -0.56625 -5.23864e+00
 43 -0.69857  8.24993e+00 | 44  0.90788 -9.12695e+00 | 45  0.05363  1.87939e-01
 46 -1.73630  4.73091e+00 | 47  5.21028 -2.61651e+01 | 48 -0.24460 -2.79217e+00
 49 -0.01336  2.93927e-01 | 50 -0.06884  1.57174e+00 | 51 -0.10377  4.43333e+00
 52 -0.15804 -3.78821e+00 | 53 -0.33882 -4.19893e+00 | 54 -0.43782  2.49935e+00
 55 -0.35207  1.54192e+00 | 56 -0.08376  1.29248e+00 | 57  0.17820 -2.25100e+00
 58  0.19112 -2.29928e+00 | 59  0.14663 -4.04329e+00 | 60  0.45949  1.21343e+00
 61  0.65660 -3.03064e+00 | 62  0.45945 -7.71001e+00 | 63 -0.15567 -8.38714e+00
 64 -0.00519 -1.05775e-01 | 65  0.49072 -3.97694e-02 |
65 variables; iteration 40; function evaluation 48; phase 4
Function value   8.7473660e+01; maximum gradient component mag   5.7852e+01
Var   Value    Gradient   |Var   Value    Gradient   |Var   Value    Gradient
  1 -0.87781  5.78520e+01 |  2  0.18924 -8.07387e-01 |  3 -0.12859 -2.35640e+00
  4  0.02890 -4.77963e-01 |  5  0.94055  1.72428e+00 |  6  0.46915 -1.27219e+00
  7  1.00805  1.22680e+00 |  8 -0.04026 -1.32174e+00 |  9 -2.95904 -1.01446e+00
 10 -0.84622  2.20643e+00 | 11 -0.44082 -1.88532e+00 | 12 -0.82378 -7.32969e+00
 13 -0.72424  1.01463e+01 | 14 -0.69625 -3.65387e+00 | 15 -0.62410 -3.46769e+00
 16 -0.86124  2.64764e+00 | 17 -1.92431 -5.85267e-01 | 18  0.78458 -2.41692e+00
 19  1.26133  5.29697e+00 | 20  0.73552  1.34413e+00 | 21  0.73566 -7.00901e-02
 22  1.14221  5.23693e+00 | 23  0.84419 -2.21555e+00 | 24  1.22891 -1.21082e+00
 25  0.47830  2.23075e+00 | 26 -0.52287 -1.14885e-01 | 27 -0.13956 -2.47803e+00
 28 -0.35135 -1.29506e+00 | 29 -0.06152 -2.32355e+00 | 30  0.11094 -2.31014e+00
 31  0.23347 -1.59616e+00 | 32 -0.18068 -2.57328e+00 | 33 -1.13692 -1.71908e+00
 34  3.01513  8.58021e+00 | 35  3.36912  7.45910e+00 | 36  2.54383 -1.40351e+01
 37 -0.34363 -1.85906e+01 | 38  2.57675  1.68447e+00 | 39 -0.77151  2.56398e-01
 40 -0.99550  5.18034e+00 | 41 -3.72025 -6.37099e-01 | 42 -0.49767  8.51482e-01
 43 -0.73622  4.09864e+00 | 44  1.20318 -3.38732e+00 | 45 -0.51830  8.35197e-01
 46 -1.57072  7.41219e+00 | 47  5.25536 -9.51257e+00 | 48 -0.29437 -6.58595e-01
 49 -0.12488 -1.30750e+00 | 50 -0.19917 -4.38263e+00 | 51 -0.24648  6.06080e-01
 52 -0.13865 -1.36287e-01 | 53 -0.32765 -1.25156e-01 | 54 -0.45502  5.34948e+00
 55 -0.44202 -2.41446e+00 | 56 -0.19685 -2.85462e+00 | 57  0.13894 -2.13069e+00
 58  0.15844 -2.59294e+00 | 59  0.14327  1.10121e+00 | 60  0.36287  9.13058e-01
 61  0.47304 -5.56886e+00 | 62  0.39505  4.28649e+00 | 63 -0.08643 -1.68513e+00
 64  0.06717  1.50581e+00 | 65  0.66468  3.74621e-01 |
65 variables; iteration 50; function evaluation 59; phase 4
Function value   8.3022266e+01; maximum gradient component mag   4.3119e+01
Var   Value    Gradient   |Var   Value    Gradient   |Var   Value    Gradient
  1 -0.95798  4.31186e+01 |  2  0.52418 -1.10014e+00 |  3 -0.00670 -2.08731e+00
  4  0.43462 -3.21037e-01 |  5  0.91025  4.40754e-01 |  6  0.78710 -2.14088e-01
  7  1.15238  3.36328e+00 |  8 -0.40298  1.05964e-02 |  9 -2.96571 -1.34111e+00
 10 -0.78796  9.63817e+00 | 11 -0.37080 -4.93066e+00 | 12 -0.80362 -4.12086e+00
 13 -0.70544  1.11010e+00 | 14 -0.60472  4.62426e+00 | 15 -0.58977  9.25731e-01
 16 -0.88577  4.26412e+00 | 17 -1.93136 -1.84669e+00 | 18  0.85852 -3.57136e+00
 19  1.26997  1.70230e-01 | 20  0.73466 -4.90580e+00 | 21  0.84610 -1.98264e+00
 22  1.18291  2.96368e-01 | 23  0.96818  4.34813e-01 | 24  1.33466 -3.03767e+00
 25  0.49470 -3.11935e+00 | 26 -0.90786 -2.35846e+00 | 27 -0.32068 -2.34691e+00
 28 -0.63950 -1.29587e+00 | 29 -0.11691 -1.76977e+00 | 30  0.02311 -1.36102e+00
 31  0.19001 -1.58015e+00 | 32 -0.15247 -1.42435e+00 | 33 -1.28345 -1.53406e+00
 34  3.44934  4.22875e+01 | 35  3.44873  5.72206e-01 | 36  3.05725 -3.83484e+01
 37 -0.36628 -6.84355e+00 | 38  2.51768  1.21194e+00 | 39 -0.79955  3.11122e+00
 40 -1.03843  2.03417e+00 | 41 -3.73901 -1.51584e+00 | 42 -0.47462 -4.25153e+00
 43 -0.78895 -2.31181e-02 | 44  1.16620 -6.20883e+00 | 45 -0.29432  1.76958e+00
 46 -1.59031  7.90303e+00 | 47  5.24817 -2.74827e+01 | 48 -0.34966 -7.52669e+00
 49 -0.11244 -4.88438e+00 | 50 -0.10240  2.38755e+00 | 51 -0.22448  4.75300e-01
 52 -0.10980  1.93826e+00 | 53 -0.31321 -6.64641e-01 | 54 -0.45947  1.88349e+00
 55 -0.42734 -3.02508e-01 | 56 -0.21851  1.01276e+00 | 57  0.08478  1.03876e+00
 58  0.13174 -4.61259e+00 | 59  0.16235 -2.83987e+00 | 60  0.40514 -3.33099e-01
 61  0.48750 -1.44288e+00 | 62  0.20429 -8.12133e+00 | 63 -0.18558 -3.83720e+00
 64  0.04839 -5.61224e-01 | 65  0.61129 -9.75565e-01 |
65 variables; iteration 60; function evaluation 69; phase 4
Function value   8.0528352e+01; maximum gradient component mag   2.4061e+01
Var   Value    Gradient   |Var   Value    Gradient   |Var   Value    Gradient
  1 -1.00705  4.35746e+00 |  2  0.81692  1.55871e+00 |  3  0.24928 -8.60729e-01
  4  0.53834  1.11507e+00 |  5  1.00199  2.05374e+00 |  6  1.28289  9.86919e-01
  7  1.04184  2.19606e+00 |  8 -0.22257  6.17655e-01 |  9 -2.81760  3.55090e-02
 10 -0.80395  8.73012e-01 | 11 -0.38719 -8.74818e+00 | 12 -0.78228  2.16720e+00
 13 -0.74238 -4.67854e-01 | 14 -0.66423 -7.17910e-01 | 15 -0.56783  1.91527e+00
 16 -0.94372  1.44410e+00 | 17 -1.91640  1.06948e+00 | 18  0.87862 -1.77108e+00
 19  1.19644 -8.40360e+00 | 20  0.77268 -3.05652e+00 | 21  0.88316  2.93630e+00
 22  1.21101 -1.89767e+00 | 23  1.03556  1.98497e+00 | 24  1.30014 -2.34244e+00
 25  0.52650  3.27241e-01 | 26 -1.06129  3.29015e-01 | 27 -0.44674  4.99085e-01
 28 -0.70872  1.32218e-02 | 29 -0.27339 -2.18714e-01 | 30 -0.19661  3.86037e-01
 31  0.10750 -7.95000e-01 | 32 -0.42874 -2.58620e-01 | 33 -1.44143 -2.80831e-01
 34  3.87024  2.40610e+01 | 35  3.62049 -7.26571e+00 | 36  3.58962 -2.19266e+01
 37 -0.37658  3.07332e+00 | 38  2.41861 -6.16794e-01 | 39 -0.80845  4.64420e+00
 40 -1.10349 -4.80982e+00 | 41 -3.59548 -3.54190e-01 | 42 -0.42395 -5.80828e-02
 43 -0.80477 -2.95859e+00 | 44  1.16430 -3.20749e+00 | 45 -0.26397  1.83089e-01
 46 -1.60401  3.59436e+00 | 47  5.24862 -8.09697e+00 | 48 -0.34702 -3.95733e+00
 49 -0.12741 -4.21171e+00 | 50 -0.10746  4.33686e+00 | 51 -0.25387 -6.68497e-01
 52 -0.11342  2.96137e+00 | 53 -0.28316  4.04829e+00 | 54 -0.46919  1.20338e+00
 55 -0.50096 -4.48283e+00 | 56 -0.31305  1.88167e+00 | 57 -0.02634 -2.77728e+00
 58  0.15160  1.44648e+00 | 59  0.19856 -2.12575e+00 | 60  0.40486 -6.02891e-01
 61  0.42009  2.12284e+00 | 62  0.12334 -3.10521e+00 | 63 -0.22035 -3.76657e+00
 64  0.01652 -2.92074e+00 | 65  0.77280  2.20953e+00 |
65 variables; iteration 70; function evaluation 80; phase 4
Function value   7.5261078e+01; maximum gradient component mag  -2.6321e+01
Var   Value    Gradient   |Var   Value    Gradient   |Var   Value    Gradient
  1 -1.27252  1.81554e+01 |  2  1.36446  7.86365e-01 |  3  1.45003  7.62768e-01
  4  0.85198  8.35723e-01 |  5  1.00390  1.46568e-01 |  6  2.20662  1.35652e+00
  7  0.64606 -7.06502e-02 |  8  0.10102 -9.80004e-01 |  9 -1.91162  2.18179e-01
 10 -0.79421  1.23969e+00 | 11 -0.43355  3.69036e+00 | 12 -0.83932 -9.28768e-02
 13 -0.73538  1.93124e+00 | 14 -0.67700  1.62473e+00 | 15 -0.56354  4.93229e+00
 16 -1.06299 -1.19042e+00 | 17 -1.97374 -3.23174e-01 | 18  0.86708 -3.37329e-01
 19  1.31037 -8.21810e-01 | 20  0.98933  5.19096e-01 | 21  0.88628 -1.34581e+00
 22  1.23298 -1.47494e-01 | 23  1.11575 -1.85398e-01 | 24  1.33801  1.20607e+00
 25  0.47596 -8.93269e-01 | 26 -1.65102 -3.66216e-01 | 27 -1.04462 -9.50029e-01
 28 -1.02383 -1.25750e-02 | 29 -0.63703 -1.00621e+00 | 30 -0.85045 -8.39357e-01
 31  0.12494  3.29090e-01 | 32 -0.83482 -1.00805e+00 | 33 -1.98431 -1.51314e-01
 34  4.99018  1.43031e+01 | 35  4.31447  1.20378e+00 | 36  4.93139 -1.33390e+01
 37 -0.57436 -2.94686e+00 | 38  2.44779  4.50942e-01 | 39 -0.92757 -1.32824e+00
 40 -1.12746 -2.65950e+00 | 41 -3.24326 -6.11579e-01 | 42 -0.29264 -1.48625e+00
 43 -0.81989 -1.42647e+00 | 44  1.27178  2.94865e+00 | 45 -0.18549 -7.90736e-02
 46 -1.50919 -3.44803e+00 | 47  5.23438 -2.63212e+01 | 48 -0.37663 -1.86312e+00
 49 -0.16070 -1.74797e+00 | 50 -0.17099 -2.05873e+00 | 51 -0.24912 -2.10562e+00
 52 -0.10501 -1.70808e+00 | 53 -0.29782 -1.92589e+00 | 54 -0.49286 -2.14060e+00
 55 -0.54117 -2.65533e+00 | 56 -0.42965 -3.25700e+00 | 57 -0.09048 -4.00557e-01
 58  0.11698 -1.99263e+00 | 59  0.20095 -7.91638e-01 | 60  0.30444 -2.97691e+00
 61  0.26331 -3.54999e+00 | 62  0.09459 -4.75222e-01 | 63 -0.13794 -4.13858e-01
 64  0.12562 -6.25136e-01 | 65  0.72949  2.61221e-01 |
65 variables; iteration 80; function evaluation 90; phase 4
Function value   7.1812633e+01; maximum gradient component mag  -1.5916e+01
Var   Value    Gradient   |Var   Value    Gradient   |Var   Value    Gradient
  1 -1.46844  1.32977e+01 |  2  0.54135 -1.63397e-01 |  3  0.94912  4.93382e-01
  4 -0.23366 -1.01473e+00 |  5  0.34222  3.46709e-01 |  6  1.13491 -5.61725e-01
  7 -0.09750 -1.17616e-01 |  8 -0.45132  3.65266e-02 |  9 -2.94235 -1.73857e-01
 10 -0.77156  2.74375e-01 | 11 -0.43271  2.65716e+00 | 12 -0.75641  1.13890e+00
 13 -0.70028  6.68130e-01 | 14 -0.62571  2.71666e+00 | 15 -0.51471  1.31165e+00
 16 -1.13470 -1.87442e+00 | 17 -1.93892 -6.38391e-01 | 18  1.05700  6.01591e-02
 19  1.34213  4.56452e-01 | 20  1.00262  8.12753e-01 | 21  0.83803  4.08348e-01
 22  1.27297  1.04382e-01 | 23  1.00493 -9.18011e-01 | 24  1.34757 -4.66684e-01
 25  0.35992 -3.25605e+00 | 26 -1.44528 -7.16248e-01 | 27 -0.83333 -8.87350e-01
 28 -0.75993 -9.44622e-01 | 29 -0.16947 -7.22864e-01 | 30 -0.42370 -7.15343e-01
 31  0.42903 -4.02898e-01 | 32 -0.50169 -8.44364e-01 | 33 -1.77636 -2.39213e-01
 34  5.15118  1.28528e+01 | 35  4.18953  2.18069e+00 | 36  4.95875 -1.16667e+01
 37 -0.74774 -1.97881e+00 | 38  2.38341 -7.65776e-02 | 39 -1.00172 -1.69933e+00
 40 -1.12027  1.78551e+00 | 41 -3.20901 -1.39953e-01 | 42 -0.04680 -3.82459e+00
 43 -0.83221  5.17691e-01 | 44  1.36587 -2.95039e+00 | 45 -0.33881  1.07027e-01
 46 -1.44291  1.35449e+00 | 47  5.29880 -1.59156e+01 | 48 -0.41423 -1.81315e+00
 49 -0.20458 -2.42783e-01 | 50 -0.19347 -8.99641e-01 | 51 -0.32852 -1.63747e+00
 52 -0.14672 -1.04705e+00 | 53 -0.35580 -9.60414e-01 | 54 -0.51182  1.30306e-01
 55 -0.56291  5.53448e-01 | 56 -0.44922 -1.11188e+00 | 57 -0.13283 -1.94344e+00
 58  0.06687 -1.28033e+00 | 59  0.06104 -1.46190e+00 | 60  0.20635 -8.01455e-02
 61  0.25856 -1.96170e+00 | 62  0.13011 -3.97692e+00 | 63 -0.07311  4.50824e-01
 64  0.12659  1.03408e+00 | 65  0.75121 -5.38714e-02 |
65 variables; iteration 90; function evaluation 102; phase 4
Function value   6.6537165e+01; maximum gradient component mag  -3.5285e+00
Var   Value    Gradient   |Var   Value    Gradient   |Var   Value    Gradient
  1 -1.51057  3.15850e+00 |  2  0.28048 -2.40105e-01 |  3  0.42635 -3.77775e-01
  4 -0.48511 -2.33240e-01 |  5 -0.22506  4.48123e-01 |  6  1.18810  2.28072e-01
  7 -0.58495  2.58972e-01 |  8 -0.71349  9.40557e-03 |  9 -4.95102  1.04181e-01
 10 -0.71347 -2.18440e-01 | 11 -0.40748 -4.42511e-01 | 12 -0.73530 -1.02244e+00
 13 -0.62118  4.25737e-01 | 14 -0.66398  5.54590e-01 | 15 -0.44877  1.64001e+00
 16 -1.04290  5.01803e-01 | 17 -1.78065 -7.22861e-02 | 18  1.14112 -4.14347e-02
 19  1.40378 -4.38678e-01 | 20  1.00642  3.72654e-01 | 21  0.78780 -6.57801e-01
 22  1.27901 -4.34471e-01 | 23  1.08761  1.86092e-01 | 24  1.31723 -7.84143e-04
 25  0.45533  6.19287e-01 | 26 -1.28723 -2.55199e-01 | 27 -0.22978 -9.21224e-02
 28 -0.38751 -1.33665e-01 | 29  0.41713 -1.20731e-02 | 30 -0.08638  1.50291e-01
 31  0.69851  7.17253e-03 | 32  0.34711 -1.09577e-01 | 33 -0.53834 -3.49520e-01
 34  5.76342  3.36587e+00 | 35  4.03567  3.75316e-01 | 36  5.62143 -3.02935e+00
 37 -0.83837 -1.23977e+00 | 38  2.12961  3.04854e-02 | 39 -0.98402 -1.60883e-01
 40 -1.18168  9.45564e-01 | 41 -3.80233 -1.17849e-01 | 42  0.31859  5.88563e-03
 43 -0.83413 -5.12856e-02 | 44  1.42512  2.62536e-01 | 45 -0.29033 -4.42531e-01
 46 -1.41379 -1.78869e+00 | 47  5.47034 -3.52851e+00 | 48 -0.54550  9.80280e-01
 49 -0.31836  1.09881e+00 | 50 -0.25186  1.85032e+00 | 51 -0.48975  1.78059e+00
 52 -0.23768  5.44251e-01 | 53 -0.46241 -7.09544e-01 | 54 -0.59684 -9.15478e-01
 55 -0.70114 -1.02336e+00 | 56 -0.57998 -1.03928e+00 | 57 -0.22825 -1.08555e+00
 58 -0.04141 -6.62442e-01 | 59 -0.06867 -1.33672e+00 | 60  0.04487 -7.82702e-01
 61  0.14700 -6.51136e-01 | 62  0.06700 -1.13406e+00 | 63 -0.19815 -2.96164e-01
 64 -0.08663 -1.52199e+00 | 65  0.71755  1.28683e-01 |
65 variables; iteration 100; function evaluation 112; phase 4
Function value   6.5909163e+01; maximum gradient component mag  -2.7301e+00
Var   Value    Gradient   |Var   Value    Gradient   |Var   Value    Gradient
  1 -1.53669 -2.73010e+00 |  2  0.27499 -1.58994e-01 |  3  0.44029 -8.55705e-03
  4 -0.47589 -1.03738e-01 |  5 -0.34647 -1.51080e-01 |  6  1.23028  7.76635e-02
  7 -0.69295  4.27132e-01 |  8 -0.64096  2.49290e-01 |  9 -6.14144  8.02681e-02
 10 -0.69617 -7.00378e-01 | 11 -0.40249 -3.03439e-01 | 12 -0.71374  1.54198e-01
 13 -0.61049 -3.16974e-01 | 14 -0.66537 -1.03761e+00 | 15 -0.44421  4.05438e-01
 16 -1.10788  2.34140e-01 | 17 -1.68782  3.93243e-01 | 18  1.32168 -1.99825e-01
 19  1.58650 -1.55068e-01 | 20  1.20054  5.33192e-01 | 21  0.96935  2.27801e-01
 22  1.44506 -2.64228e-02 | 23  1.23322 -6.53579e-03 | 24  1.49171  3.51213e-01
 25  0.56645 -1.17480e-01 | 26 -1.54337 -6.77128e-02 | 27 -0.36685 -9.00994e-04
 28 -0.59327 -3.99778e-02 | 29  0.32310  3.17744e-02 | 30 -0.36432  4.74881e-02
 31  0.60849  6.09681e-02 | 32  0.04667  3.55358e-02 | 33  0.65258  2.75567e-02
 34  6.16334 -1.00429e+00 | 35  3.72090 -2.60939e-01 | 36  6.04933  5.27206e-01
 37 -0.87323  6.12721e-01 | 38  2.06273  1.80266e-02 | 39 -0.98025  8.75544e-01
 40 -1.17890  5.64234e-01 | 41 -3.88764  8.79539e-02 | 42  0.37447  7.94494e-01
 43 -0.85067 -3.99118e-01 | 44  1.44794 -1.08832e+00 | 45 -0.28613 -2.40976e-02
 46 -1.39233  6.33299e-01 | 47  5.55466  1.01175e+00 | 48 -0.62955  3.90386e-01
 49 -0.39754  1.23189e+00 | 50 -0.33203  3.89650e-01 | 51 -0.57919  2.24781e-02
 52 -0.31440  1.54966e-01 | 53 -0.53490 -1.28023e-04 | 54 -0.66421 -1.66218e-01
 55 -0.76786 -5.85923e-02 | 56 -0.64371  1.06868e-01 | 57 -0.29046  5.56368e-01
 58 -0.10927  1.61466e-01 | 59 -0.14019 -3.36768e-01 | 60 -0.03082 -4.39320e-01
 61  0.09304 -5.16282e-01 | 62  0.04183 -6.83425e-01 | 63 -0.22562 -7.42077e-01
 64 -0.10390  2.24080e-01 | 65  0.67124  2.27015e-01 |
65 variables; iteration 110; function evaluation 122; phase 4
Function value   6.5854363e+01; maximum gradient component mag   6.8688e-01
Var   Value    Gradient   |Var   Value    Gradient   |Var   Value    Gradient
  1 -1.54454  6.86881e-01 |  2  0.24169  9.62848e-03 |  3  0.38899  1.48031e-02
  4 -0.51617 -6.43669e-02 |  5 -0.37969 -6.78496e-02 |  6  1.17023  1.27237e-02
  7 -0.79630 -7.97908e-03 |  8 -0.72729 -2.17934e-02 |  9 -6.22579 -2.83044e-02
 10 -0.69496  1.64120e-01 | 11 -0.40371  9.03636e-02 | 12 -0.71560 -3.48030e-02
 13 -0.61330 -2.01926e-01 | 14 -0.66049  1.14279e-01 | 15 -0.44624  2.67093e-02
 16 -1.12119  8.45597e-02 | 17 -1.70562 -4.15294e-02 | 18  1.34680 -3.71739e-02
 19  1.63273  1.17278e-02 | 20  1.22402 -7.00710e-02 | 21  1.00310 -1.67818e-02
 22  1.47692 -2.66967e-02 | 23  1.26573 -9.29802e-03 | 24  1.50768 -4.01872e-03
 25  0.57960 -1.51438e-03 | 26 -1.43054 -1.75046e-02 | 27 -0.32168 -3.43493e-02
 28 -0.51048 -1.01726e-02 | 29  0.37563 -2.53484e-02 | 30 -0.29463 -1.11068e-02
 31  0.68005 -3.85219e-03 | 32  0.13519 -2.63913e-02 | 33  0.72996 -1.21897e-02
 34  6.15526  3.04370e-01 | 35  3.70669  7.77274e-02 | 36  5.99953 -2.19064e-01
 37 -0.88792 -9.87363e-02 | 38  2.06296 -3.82497e-04 | 39 -0.98769 -1.54483e-01
 40 -1.18228 -5.40924e-02 | 41 -3.90512 -2.36397e-03 | 42  0.37332 -2.41688e-03
 43 -0.84877 -2.34094e-02 | 44  1.46141 -8.63449e-02 | 45 -0.29836  2.55793e-03
 46 -1.38080  1.06799e-01 | 47  5.56123 -4.81093e-01 | 48 -0.63601  2.65062e-03
 49 -0.40616 -1.11275e-01 | 50 -0.33589 -5.63692e-02 | 51 -0.58338 -2.78131e-02
 52 -0.31799 -9.18039e-02 | 53 -0.53839 -1.45341e-01 | 54 -0.66725 -6.17939e-02
 55 -0.77181 -3.20577e-04 | 56 -0.64805  1.18018e-01 | 57 -0.29564  5.03653e-02
 58 -0.11352 -1.51303e-02 | 59 -0.14164 -7.48984e-02 | 60 -0.03133 -7.44070e-02
 61  0.09625 -3.08109e-02 | 62  0.04981  2.60564e-03 | 63 -0.21328  4.34794e-02
 64 -0.09322  1.18363e-02 | 65  0.67395 -6.40037e-02 |
65 variables; iteration 120; function evaluation 132; phase 4
Function value   6.5845814e+01; maximum gradient component mag   1.6849e-01
Var   Value    Gradient   |Var   Value    Gradient   |Var   Value    Gradient
  1 -1.59042  1.68494e-01 |  2  0.25127 -1.72295e-02 |  3  0.40555 -3.16904e-03
  4 -0.48982  2.32664e-02 |  5 -0.36309 -9.19310e-04 |  6  1.19421 -1.22402e-02
  7 -0.80235 -3.55491e-02 |  8 -0.73063 -4.17257e-03 |  9 -6.18637 -6.57905e-03
 10 -0.69949  5.63261e-02 | 11 -0.41290 -4.82205e-02 | 12 -0.71972  7.31847e-02
 13 -0.61855  5.00602e-02 | 14 -0.66627 -8.24443e-03 | 15 -0.45178 -1.04991e-01
 16 -1.14705 -1.60106e-02 | 17 -1.71789  1.49735e-02 | 18  1.33874 -4.13860e-02
 19  1.63380  1.55205e-02 | 20  1.21559 -3.00900e-02 | 21  1.00592  3.58848e-02
 22  1.48327  1.03798e-02 | 23  1.26472 -1.01769e-02 | 24  1.51032 -1.34619e-02
 25  0.56948  1.16231e-02 | 26 -1.45273 -8.92261e-03 | 27 -0.33846 -1.60851e-02
 28 -0.52941  1.58979e-03 | 29  0.39055 -8.39851e-03 | 30 -0.33308 -9.08817e-03
 31  0.70373 -9.74058e-03 | 32  0.13550 -5.41949e-03 | 33  0.72459 -1.56442e-02
 34  6.19041  4.42025e-02 | 35  3.74988  2.35071e-02 | 36  6.00700 -3.36690e-02
 37 -0.95132 -1.52360e-02 | 38  2.09097  1.04529e-02 | 39 -1.02264  1.09731e-03
 40 -1.17951  7.37087e-03 | 41 -3.91950 -2.69791e-03 | 42  0.37766  4.15785e-02
 43 -0.85174  6.10273e-03 | 44  1.51040  5.16283e-04 | 45 -0.33569  1.15652e-02
 46 -1.34232  4.52635e-02 | 47  5.57630 -7.22909e-03 | 48 -0.64095 -4.41404e-02
 49 -0.40790 -2.42782e-02 | 50 -0.33597  1.16034e-03 | 51 -0.58495  4.04525e-02
 52 -0.31933  6.12672e-02 | 53 -0.54049  6.51140e-03 | 54 -0.66936 -4.47960e-02
 55 -0.77309 -3.60252e-02 | 56 -0.64874 -1.72821e-02 | 57 -0.29708 -1.64835e-02
 58 -0.11788 -3.87919e-02 | 59 -0.14644 -3.79708e-03 | 60 -0.03375  2.29906e-02
 61  0.10179  6.56396e-02 | 62  0.06216  4.61382e-02 | 63 -0.19766 -3.34143e-02
 64 -0.07884  7.51871e-03 | 65  0.67948  7.23206e-03 |
65 variables; iteration 130; function evaluation 142; phase 4
Function value   6.5845212e+01; maximum gradient component mag   4.1690e-03
Var   Value    Gradient   |Var   Value    Gradient   |Var   Value    Gradient
  1 -1.59537  1.71971e-03 |  2  0.24414  2.90194e-05 |  3  0.39566  5.89812e-04
  4 -0.50141  5.67919e-05 |  5 -0.37330 -6.80043e-05 |  6  1.18636 -1.86109e-04
  7 -0.80958  3.49465e-04 |  8 -0.74199 -2.10917e-04 |  9 -6.18841  5.35327e-05
 10 -0.69945 -9.40719e-04 | 11 -0.41286  2.26104e-03 | 12 -0.71987  1.06583e-03
 13 -0.61881  8.32670e-04 | 14 -0.66571 -2.91633e-04 | 15 -0.45121  1.30488e-03
 16 -1.14839  5.14348e-04 | 17 -1.72030 -2.62037e-04 | 18  1.33862 -9.42374e-04
 19  1.63401 -4.98375e-04 | 20  1.21521  6.69178e-04 | 21  1.00549 -1.69921e-05
 22  1.48228  1.92018e-04 | 23  1.26462 -1.82655e-04 | 24  1.51172 -4.44916e-04
 25  0.56979  5.74544e-04 | 26 -1.43886  6.28577e-05 | 27 -0.32368 -9.31529e-05
 28 -0.51551 -3.24227e-04 | 29  0.40827 -2.08162e-06 | 30 -0.31961 -2.31923e-04
 31  0.72146  3.33465e-05 | 32  0.14861 -5.45200e-05 | 33  0.74160  1.45648e-04
 34  6.18024  2.38342e-03 | 35  3.75701  3.18192e-04 | 36  5.98737 -2.22992e-03
 37 -0.95797  7.32000e-04 | 38  2.09335 -1.51652e-04 | 39 -1.02623  9.39007e-04
 40 -1.17928 -1.84049e-03 | 41 -3.92021 -1.50095e-04 | 42  0.37771  1.01879e-03
 43 -0.85215 -7.62780e-04 | 44  1.51446  4.16896e-03 | 45 -0.33787  3.41037e-05
 46 -1.33927 -2.55282e-03 | 47  5.57776 -1.84280e-03 | 48 -0.64107  8.12993e-04
 49 -0.40783  2.97884e-04 | 50 -0.33590 -5.55966e-04 | 51 -0.58512 -3.59789e-04
 52 -0.31964 -1.27466e-03 | 53 -0.54050 -1.16894e-03 | 54 -0.66899 -3.05868e-04
 55 -0.77261 -4.35117e-04 | 56 -0.64831 -5.18271e-04 | 57 -0.29690  4.20489e-05
 58 -0.11803  1.01223e-03 | 59 -0.14683 -7.60778e-05 | 60 -0.03397 -4.00623e-04
 61  0.10199 -2.46481e-04 | 62  0.06302  7.59338e-04 | 63 -0.19577  1.20643e-03
 64 -0.07641 -3.17742e-04 | 65  0.68056 -5.67380e-05 |
65 variables; iteration 140; function evaluation 152; phase 4
Function value   6.5845212e+01; maximum gradient component mag   3.2604e-05
Var   Value    Gradient   |Var   Value    Gradient   |Var   Value    Gradient
  1 -1.59538  7.51505e-06 |  2  0.24419  1.53427e-05 |  3  0.39560 -2.76647e-06
  4 -0.50142 -6.53969e-06 |  5 -0.37329  9.18045e-07 |  6  1.18639 -6.76122e-06
  7 -0.80959  9.91757e-09 |  8 -0.74193  2.14337e-06 |  9 -6.18859 -1.05937e-06
 10 -0.69948  2.11997e-05 | 11 -0.41289  3.13623e-05 | 12 -0.71990 -7.38236e-06
 13 -0.61883 -7.83190e-06 | 14 -0.66572 -2.08952e-05 | 15 -0.45123 -2.41217e-05
 16 -1.14844  2.63216e-06 | 17 -1.72030  7.79366e-06 | 18  1.33872  1.86148e-06
 19  1.63406  5.25095e-06 | 20  1.21521  1.64527e-05 | 21  1.00550 -5.30512e-06
 22  1.48229 -7.45542e-06 | 23  1.26466 -6.85263e-06 | 24  1.51176 -1.47177e-05
 25  0.56980  7.74432e-07 | 26 -1.43895  5.52210e-07 | 27 -0.32371 -3.04370e-06
 28 -0.51550 -6.13458e-06 | 29  0.40820  1.64062e-06 | 30 -0.31963 -2.62973e-06
 31  0.72138  1.67557e-07 | 32  0.14852  1.32934e-06 | 33  0.74155 -2.15631e-06
 34  6.18039  2.74493e-05 | 35  3.75696  1.34673e-06 | 36  5.98753 -2.48326e-05
 37 -0.95799  7.32403e-06 | 38  2.09334  3.84498e-07 | 39 -1.02623  1.38139e-05
 40 -1.17927  1.20880e-05 | 41 -3.92022 -2.24133e-06 | 42  0.37771  1.36395e-06
 43 -0.85214  4.54272e-06 | 44  1.51445 -5.23032e-06 | 45 -0.33790  1.28528e-06
 46 -1.33927  1.94857e-05 | 47  5.57778  3.26045e-05 | 48 -0.64109 -1.08979e-06
 49 -0.40784 -1.29442e-05 | 50 -0.33591 -9.56034e-06 | 51 -0.58513 -8.12845e-06
 52 -0.31965  8.40388e-06 | 53 -0.54050  4.58490e-06 | 54 -0.66900  1.76679e-05
 55 -0.77262 -1.27314e-06 | 56 -0.64833  6.99112e-06 | 57 -0.29692 -8.14058e-07
 58 -0.11805  7.93544e-06 | 59 -0.14684  2.40124e-06 | 60 -0.03398  1.54144e-05
 61  0.10198  9.34835e-06 | 62  0.06302 -1.05552e-05 | 63 -0.19578 -2.19191e-06
 64 -0.07642  6.16933e-06 | 65  0.68055  3.68860e-06 |
Estimating row 1 out of 65 for hessian
Estimating row 2 out of 65 for hessian
Estimating row 3 out of 65 for hessian
Estimating row 4 out of 65 for hessian
Estimating row 5 out of 65 for hessian
Estimating row 6 out of 65 for hessian
Estimating row 7 out of 65 for hessian
Estimating row 8 out of 65 for hessian
Estimating row 9 out of 65 for hessian
Estimating row 10 out of 65 for hessian
Estimating row 11 out of 65 for hessian
Estimating row 12 out of 65 for hessian
Estimating row 13 out of 65 for hessian
Estimating row 14 out of 65 for hessian
Estimating row 15 out of 65 for hessian
Estimating row 16 out of 65 for hessian
Estimating row 17 out of 65 for hessian
Estimating row 18 out of 65 for hessian
Estimating row 19 out of 65 for hessian
Estimating row 20 out of 65 for hessian
Estimating row 21 out of 65 for hessian
Estimating row 22 out of 65 for hessian
Estimating row 23 out of 65 for hessian
Estimating row 24 out of 65 for hessian
Estimating row 25 out of 65 for hessian
Estimating row 26 out of 65 for hessian
Estimating row 27 out of 65 for hessian
Estimating row 28 out of 65 for hessian
Estimating row 29 out of 65 for hessian
Estimating row 30 out of 65 for hessian
Estimating row 31 out of 65 for hessian
Estimating row 32 out of 65 for hessian
Estimating row 33 out of 65 for hessian
Estimating row 34 out of 65 for hessian
Estimating row 35 out of 65 for hessian
Estimating row 36 out of 65 for hessian
Estimating row 37 out of 65 for hessian
Estimating row 38 out of 65 for hessian
Estimating row 39 out of 65 for hessian
Estimating row 40 out of 65 for hessian
Estimating row 41 out of 65 for hessian
Estimating row 42 out of 65 for hessian
Estimating row 43 out of 65 for hessian
Estimating row 44 out of 65 for hessian
Estimating row 45 out of 65 for hessian
Estimating row 46 out of 65 for hessian
Estimating row 47 out of 65 for hessian
Estimating row 48 out of 65 for hessian
Estimating row 49 out of 65 for hessian
Estimating row 50 out of 65 for hessian
Estimating row 51 out of 65 for hessian
Estimating row 52 out of 65 for hessian
Estimating row 53 out of 65 for hessian
Estimating row 54 out of 65 for hessian
Estimating row 55 out of 65 for hessian
Estimating row 56 out of 65 for hessian
Estimating row 57 out of 65 for hessian
Estimating row 58 out of 65 for hessian
Estimating row 59 out of 65 for hessian
Estimating row 60 out of 65 for hessian
Estimating row 61 out of 65 for hessian
Estimating row 62 out of 65 for hessian
Estimating row 63 out of 65 for hessian
Estimating row 64 out of 65 for hessian
Estimating row 65 out of 65 for hessian
 0.000184369 0.000272644 0.000723733 0.00124891 0.00242634 0.00269459 0.00281874 0.00290857 0.00308453 0.00327418 0.0038001 0.00382466 0.0040128 0.00414924 0.00428558 0.00430897 0.0043233 0.00432933 0.00433268 0.00434274 0.00437888 0.00545902 0.00556533 0.00591693 0.00605468 0.00631967 0.00651084 0.00667219 0.00679825 0.00734044 0.00818102 0.00965892 0.0136628 0.0164976 0.0178136 0.0199759 0.0208012 0.0220293 0.0229119 0.0255058 0.0264275 0.0322441 0.0500237 0.0758585 0.0850527 0.0935134 0.0959517 0.106794 0.113948 0.114501 0.123444 0.141157 0.174022 0.199719 0.23604 0.30136 0.318181 0.37381 0.461052 0.489834 0.592213 0.93545 1.76798 3.15805 10.9428
Initial seed value -36519
-65.8452 -65.8452
 mcmc sim 1  acceptance rate 0 0
-65.8452 -65.8452
 mcmc sim 201  acceptance rate 0 0
decreasing step size -268.608
-83.2451 -83.2451
 mcmc sim 401  acceptance rate 0.314214 0.63
increasing step size -223.554
-93.4909 -93.4909
 mcmc sim 601  acceptance rate 0.319468 0.33
-97.229 -97.229
 mcmc sim 801  acceptance rate 0.329588 0.36
-103.083 -103.083
 mcmc sim 1001  acceptance rate 0.363636 0.5
increasing step size -211.703
-108.141 -108.141
 mcmc sim 1201  acceptance rate 0.361366 0.35
-116.651 -116.651
 mcmc sim 1401  acceptance rate 0.358315 0.34
-105.666 -105.666
 mcmc sim 1601  acceptance rate 0.351655 0.305
-104.457 -104.457
 mcmc sim 1801  acceptance rate 0.33759 0.225
-95.2055 -95.2055
 mcmc sim 2001  acceptance rate 0.322339 0.185
-107.669 -107.669
 mcmc sim 2201  acceptance rate 0.314403 0.235
-97.7039 -97.7039
 mcmc sim 2401  acceptance rate 0.304456 0.195
-106.481 -106.481
 mcmc sim 2601  acceptance rate 0.299885 0.245
-98.9312 -98.9312
 mcmc sim 2801  acceptance rate 0.294181 0.22
-105.737 -105.737
 mcmc sim 3001  acceptance rate 0.29057 0.24
-102.971 -102.971
 mcmc sim 3201  acceptance rate 0.287723 0.245
-107.644 -107.644
 mcmc sim 3401  acceptance rate 0.284916 0.24
-108.594 -108.594
 mcmc sim 3601  acceptance rate 0.28381 0.265
-106.494 -106.494
 mcmc sim 3801  acceptance rate 0.283873 0.285
-105.966 -105.966
 mcmc sim 4001  acceptance rate 0.285679 0.32
-100.681 -100.681
 mcmc sim 4201  acceptance rate 0.283266 0.235
-105.489 -105.489
 mcmc sim 4401  acceptance rate 0.281754 0.25
-113.569 -113.569
 mcmc sim 4601  acceptance rate 0.281243 0.27
-114.743 -114.743
 mcmc sim 4801  acceptance rate 0.280358 0.26
-106.611 -106.611
 mcmc sim 5001  acceptance rate 0.282344 0.33
-107.908 -107.908
 mcmc sim 5201  acceptance rate 0.283022 0.3
-106.863 -106.863
 mcmc sim 5401  acceptance rate 0.280133 0.205
-109.653 -109.653
 mcmc sim 5601  acceptance rate 0.275844 0.16
-113.383 -113.383
 mcmc sim 5801  acceptance rate 0.272884 0.19
-106.095 -106.095
 mcmc sim 6001  acceptance rate 0.274621 0.325
-100.615 -100.615
 mcmc sim 6201  acceptance rate 0.27673 0.34
-107.096 -107.096
 mcmc sim 6401  acceptance rate 0.274801 0.215
-99.3664 -99.3664
 mcmc sim 6601  acceptance rate 0.270868 0.145
-103.139 -103.139
 mcmc sim 6801  acceptance rate 0.27099 0.275
-104.919 -104.919
 mcmc sim 7001  acceptance rate 0.272532 0.325
-107.265 -107.265
 mcmc sim 7201  acceptance rate 0.273157 0.295
-103.38 -103.38
 mcmc sim 7401  acceptance rate 0.274152 0.31
-101.78 -101.78
 mcmc sim 7601  acceptance rate 0.274174 0.275
-96.1108 -96.1108
 mcmc sim 7801  acceptance rate 0.274452 0.285
-97.9506 -97.9506
 mcmc sim 8001  acceptance rate 0.273341 0.23
-101.417 -101.417
 mcmc sim 8201  acceptance rate 0.273625 0.285
-127.031 -127.031
 mcmc sim 8401  acceptance rate 0.274253 0.3
-128.975 -128.975
 mcmc sim 8601  acceptance rate 0.275666 0.335
-122.445 -122.445
 mcmc sim 8801  acceptance rate 0.278037 0.38
-124.691 -124.691
 mcmc sim 9001  acceptance rate 0.280524 0.39
-111.405 -111.405
 mcmc sim 9201  acceptance rate 0.28073 0.29
-111.797 -111.797
 mcmc sim 9401  acceptance rate 0.281353 0.31
-117.091 -117.091
 mcmc sim 9601  acceptance rate 0.28195 0.31
-108.708 -108.708
 mcmc sim 9801  acceptance rate 0.281604 0.265
0.2814
In write empirical covariance matrix
 0.000125475 0.00022617 0.00048746 0.000715203 0.000952188 0.0010958 0.00137233 0.0014848 0.00159509 0.00188159 0.00194233 0.0020217 0.00214119 0.00229672 0.00274503 0.00298619 0.00309314 0.00336769 0.00362777 0.00381819 0.00444807 0.00476916 0.00548044 0.0060355 0.00709371 0.00840367 0.00908254 0.00924155 0.0102307 0.0109107 0.0130949 0.0137228 0.0155855 0.0165088 0.017949 0.0216726 0.0241211 0.0303654 0.0382724 0.0401384 0.045969 0.0525766 0.0603521 0.0714301 0.0793956 0.0988767 0.115823 0.128327 0.144542 0.165763 0.178185 0.210572 0.247626 0.267954 0.271257 0.312745 0.417661 0.456764 0.616472 0.823161 0.928636 1.12012 1.70859 4.85332 10.0881
