# Data for the a4a model 
# Full age range
 1 10 
# Full year range
 1957 2017 
# Number of surveys
 1 
# Survey min ages
 1 
# Survey max ages
 10 
# Survey time as a fraction into the year (one for each survey)
 0.6453376 
# fbar range
 2 6 
# Last age group considered plus group 0=no 1=yes
 1 
# Number of observations
 830 
# Observation data frame 
# fleet	year	age	observation	weights
1	1957	1	0.388926506037242	1
1	1957	2	0.327070573252545	1
1	1957	3	1.00857184748158	1
1	1957	4	0.669968247607043	1
1	1957	5	0.0969031962577152	1
1	1957	6	-0.968528778372809	1
1	1957	7	-0.876303867929375	1
1	1957	8	-1.10400930959348	1
1	1957	9	-1.66145104040089	1
1	1957	10	-0.899008871648546	1
1	1958	1	0.921461199594221	1
1	1958	2	0.90149069916213	1
1	1958	3	0.586516568321064	1
1	1958	4	0.84484556349198	1
1	1958	5	0.213980456760165	1
1	1958	6	-0.282127204610738	1
1	1958	7	-1.21726851139954	1
1	1958	8	-1.21230395172167	1
1	1958	9	-1.41221590986527	1
1	1958	10	-0.672504476540013	1
1	1959	1	1.23975681878275	1
1	1959	2	1.4271247255997	1
1	1959	3	1.02439845534107	1
1	1959	4	0.266005721598754	1
1	1959	5	0.403985193931177	1
1	1959	6	-0.195185739299916	1
1	1959	7	-0.703523512022686	1
1	1959	8	-1.57359549330927	1
1	1959	9	-1.42904862395274	1
1	1959	10	-0.54838784713429	1
1	1960	1	1.21299200636839	1
1	1960	2	1.66441348306716	1
1	1960	3	1.39353639237998	1
1	1960	4	0.575864474519291	1
1	1960	5	-0.187081680814291	1
1	1960	6	-0.0578629621139584	1
1	1960	7	-0.730522892692884	1
1	1960	8	-1.09123283130755	1
1	1960	9	-1.84096927918005	1
1	1960	10	-0.624274776243158	1
1	1961	1	1.29067781352708	1
1	1961	2	1.54008573946724	1
1	1961	3	1.55675426342364	1
1	1961	4	0.914694134223382	1
1	1961	5	0.114629540812501	1
1	1961	6	-0.67457372532602	1
1	1961	7	-0.615993821676598	1
1	1961	8	-1.16308751610443	1
1	1961	9	-1.48860062318681	1
1	1961	10	-0.83919650339039	1
1	1962	1	0.821521322373702	1
1	1962	2	1.62631372001935	1
1	1962	3	1.50194976120252	1
1	1962	4	1.12384538414237	1
1	1962	5	0.470267542740171	1
1	1962	6	-0.34017126025573	1
1	1962	7	-1.19764201521856	1
1	1962	8	-1.08423776178041	1
1	1962	9	-1.61261098799405	1
1	1962	10	-0.755717226526372	1
1	1963	1	0.584735002319889	1
1	1963	2	1.3495733094265	1
1	1963	3	1.71896427145391	1
1	1963	4	1.06459496170411	1
1	1963	5	0.693898828265443	1
1	1963	6	0.067803282739094	1
1	1963	7	-0.855339559257587	1
1	1963	8	-1.68409796860734	1
1	1963	9	-1.46180620577346	1
1	1963	10	-0.552726724902415	1
1	1964	1	1.75704035854133	1
1	1964	2	1.39563256611135	1
1	1964	3	1.47293337054581	1
1	1964	4	1.14252805492299	1
1	1964	5	0.601734710237631	1
1	1964	6	0.283543896696628	1
1	1964	7	-0.526458768690221	1
1	1964	8	-1.38333147832146	1
1	1964	9	-2.02407513788327	1
1	1964	10	-0.382764623461462	1
1	1965	1	0.366136648761053	1
1	1965	2	2.73719037900568	1
1	1965	3	1.45072834454996	1
1	1965	4	0.751621654133782	1
1	1965	5	0.619370618040094	1
1	1965	6	0.11335751122135	1
1	1965	7	-0.429256310344307	1
1	1965	8	-1.12785736142781	1
1	1965	9	-1.79539938040522	1
1	1965	10	-0.561231110641261	1
1	1966	1	0.315092011956658	1
1	1966	2	1.34569351988624	1
1	1966	3	2.77169107030332	1
1	1966	4	0.751913926370015	1
1	1966	5	0.195359374007291	1
1	1966	6	0.0596385258685341	1
1	1966	7	-0.636243651230016	1
1	1966	8	-1.05102252946518	1
1	1966	9	-1.60190388647525	1
1	1966	10	-0.767542734737019	1
1	1967	1	0.271349435383733	1
1	1967	2	1.22279709478704	1
1	1967	3	1.42782515753371	1
1	1967	4	2.19520850189253	1
1	1967	5	0.206514114870128	1
1	1967	6	-0.360303998734024	1
1	1967	7	-0.616425753097184	1
1	1967	8	-1.19850804007932	1
1	1967	9	-1.50945767686918	1
1	1967	10	-0.817088577099723	1
1	1968	1	0.597304547171989	1
1	1968	2	1.04659004174978	1
1	1968	3	1.28883614620314	1
1	1968	4	0.906177926564428	1
1	1968	5	1.69360052137061	1
1	1968	6	-0.277360516187564	1
1	1968	7	-0.943125604268074	1
1	1968	8	-1.11772910092323	1
1	1968	9	-1.6193540158195	1
1	1968	10	-0.715308103270743	1
1	1969	1	1.33020369130497	1
1	1969	2	1.10833863579404	1
1	1969	3	0.94736467427329	1
1	1969	4	0.724045937435321	1
1	1969	5	0.458396791360983	1
1	1969	6	1.27287003055412	1
1	1969	7	-0.841650812225904	1
1	1969	8	-1.45614869607471	1
1	1969	9	-1.5430400435651	1
1	1969	10	-0.622718413454638	1
1	1970	1	1.40503739813189	1
1	1970	2	1.53247006671106	1
1	1970	3	0.829505103401249	1
1	1970	4	0.360228784887582	1
1	1970	5	0.312287166119635	1
1	1970	6	0.0419930282249226	1
1	1970	7	0.683438330929656	1
1	1970	8	-1.38910502230834	1
1	1970	9	-1.89171300639842	1
1	1970	10	-0.52618068131704	1
1	1971	1	0.92787088313678	1
1	1971	2	1.47841926379232	1
1	1971	3	1.24812507456375	1
1	1971	4	0.318443054334439	1
1	1971	5	-0.0418536226429786	1
1	1971	6	-0.123076245076115	1
1	1971	7	-0.521554303501562	1
1	1971	8	0.160986262981151	1
1	1971	9	-1.8034308518243	1
1	1971	10	-0.562691387244264	1
1	1972	1	0.746773034859633	1
1	1972	2	1.06219698873266	1
1	1972	3	1.32024063152892	1
1	1972	4	0.849415128566562	1
1	1972	5	-0.0875127581085291	1
1	1972	6	-0.486077781057963	1
1	1972	7	-0.630498365746844	1
1	1972	8	-0.990691332739466	1
1	1972	9	-0.225649053094116	1
1	1972	10	-0.622639425520614	1
1	1973	1	2.13996614575496	1
1	1973	2	0.97758985649032	1
1	1973	3	0.983577442806775	1
1	1973	4	0.942745943332584	1
1	1973	5	0.383666703357422	1
1	1973	6	-0.588932640618463	1
1	1973	7	-1.00858668433009	1
1	1973	8	-1.09215065476062	1
1	1973	9	-1.37448493258959	1
1	1973	10	-0.0840089375652138	1
1	1974	1	2.01110844153973	1
1	1974	2	2.36670804148526	1
1	1974	3	0.836529337740911	1
1	1974	4	0.503233640361652	1
1	1974	5	0.338712975438714	1
1	1974	6	-0.25805058937169	1
1	1974	7	-1.21354245193267	1
1	1974	8	-1.51525043943768	1
1	1974	9	-1.50046120381486	1
1	1974	10	-0.267863559954254	1
1	1975	1	1.86926692620355	1
1	1975	2	2.10351209350942	1
1	1975	3	2.08408402951919	1
1	1975	4	0.239956100518675	1
1	1975	5	-0.229787704328931	1
1	1975	6	-0.42614982614178	1
1	1975	7	-0.956046260390735	1
1	1975	8	-1.75624538433119	1
1	1975	9	-1.95949077759131	1
1	1975	10	-0.484024597490446	1
1	1976	1	1.86565261459642	1
1	1976	2	1.75875371842968	1
1	1976	3	1.72724430503041	1
1	1976	4	1.48902570163902	1
1	1976	5	-0.479693348830578	1
1	1976	6	-0.958916832813033	1
1	1976	7	-1.07064662445818	1
1	1976	8	-1.48908882033564	1
1	1976	9	-2.23760998419322	1
1	1976	10	-0.781358639382381	1
1	1977	1	2.37449937873768	1
1	1977	2	1.59128856145567	1
1	1977	3	1.36507955002638	1
1	1977	4	1.20894529979439	1
1	1977	5	0.893456965347628	1
1	1977	6	-1.06840060207936	1
1	1977	7	-1.51612163040595	1
1	1977	8	-1.59942628969873	1
1	1977	9	-2.01433734197423	1
1	1977	10	-1.08936371985709	1
1	1978	1	2.19627611815169	1
1	1978	2	2.04152809711176	1
1	1978	3	1.20254686722116	1
1	1978	4	0.879148259718717	1
1	1978	5	0.698011204160544	1
1	1978	6	0.365797638485143	1
1	1978	7	-1.64745024517871	1
1	1978	8	-2.08801435379681	1
1	1978	9	-2.15905076020693	1
1	1978	10	-1.24684579307571	1
1	1979	1	2.10448001898803	1
1	1979	2	1.92454470854801	1
1	1979	3	1.6629512763279	1
1	1979	4	0.668164112118131	1
1	1979	5	0.333688400369949	1
1	1979	6	0.0973453615933355	1
1	1979	7	-0.31453023920518	1
1	1979	8	-2.27055315275347	1
1	1979	9	-2.65795827343917	1
1	1979	10	-1.33477343348861	1
1	1980	1	2.06422536902431	1
1	1980	2	2.0230381975259	1
1	1980	3	1.57446120362376	1
1	1980	4	1.02072734859954	1
1	1980	5	-0.00399466679163574	1
1	1980	6	-0.375917834985971	1
1	1980	7	-0.631775993982162	1
1	1980	8	-0.957170066884393	1
1	1980	9	-2.84844060664095	1
1	1980	10	-1.46332127737579	1
1	1981	1	1.85769406198234	1
1	1981	2	2.23161696132147	1
1	1981	3	1.70355444976883	1
1	1981	4	0.810324940605762	1
1	1981	5	0.216020079152019	1
1	1981	6	-0.760704648792311	1
1	1981	7	-1.0632557303839	1
1	1981	8	-1.27659192469925	1
1	1981	9	-1.55596615272818	1
1	1981	10	-1.59270311468815	1
1	1982	1	2.57182699145924	1
1	1982	2	2.15439436099296	1
1	1982	3	1.90842046121189	1
1	1982	4	0.877870616814414	1
1	1982	5	-0.0621381260812992	1
1	1982	6	-0.54496702678248	1
1	1982	7	-1.41029369159235	1
1	1982	8	-1.70440849802081	1
1	1982	9	-1.86099159140382	1
1	1982	10	-1.26229297244948	1
1	1983	1	2.37888301638314	1
1	1983	2	2.7719577444056	1
1	1983	3	1.81597349841359	1
1	1983	4	1.14661666984752	1
1	1983	5	0.0227599560998204	1
1	1983	6	-0.820669164993143	1
1	1983	7	-1.1832792252575	1
1	1983	8	-1.99665829819315	1
1	1983	9	-2.21081590461041	1
1	1983	10	-1.25715073560737	1
1	1984	1	2.43474641085049	1
1	1984	2	2.38724813950634	1
1	1984	3	2.43540270379581	1
1	1984	4	1.17185107644836	1
1	1984	5	0.36164204187768	1
1	1984	6	-0.708517781151617	1
1	1984	7	-1.4347276164775	1
1	1984	8	-1.69519026827404	1
1	1984	9	-2.45462937373497	1
1	1984	10	-1.42184846277496	1
1	1985	1	2.78339123721688	1
1	1985	2	2.3213620154457	1
1	1985	3	2.05976688985246	1
1	1985	4	1.86346739704378	1
1	1985	5	0.464261673699792	1
1	1985	6	-0.33376768583468	1
1	1985	7	-1.32660495818134	1
1	1985	8	-1.94506232840546	1
1	1985	9	-2.18501996801767	1
1	1985	10	-1.5976694269885	1
1	1986	1	3.622363932949	1
1	1986	2	2.66807381403104	1
1	1986	3	1.9982056828962	1
1	1986	4	1.489700461817	1
1	1986	5	1.20265688838478	1
1	1986	6	-0.228419452153259	1
1	1986	7	-1.02631860613735	1
1	1986	8	-1.91721587463941	1
1	1986	9	-2.47430023158905	1
1	1986	10	-1.52483507823398	1
1	1987	1	2.72751890411918	1
1	1987	2	3.58859441305435	1
1	1987	3	2.34572460979571	1
1	1987	4	1.37720391243757	1
1	1987	5	0.823154859964067	1
1	1987	6	0.477595578096572	1
1	1987	7	-1.01916476105476	1
1	1987	8	-1.70747580211934	1
1	1987	9	-2.44773548770272	1
1	1987	10	-1.46913957885545	1
1	1988	1	2.55936383606446	1
1	1988	2	2.80631562499491	1
1	1988	3	3.25030875145312	1
1	1988	4	1.63218094813472	1
1	1988	5	0.66748690294413	1
1	1988	6	0.0728169921660431	1
1	1988	7	-0.376153119836578	1
1	1988	8	-1.77990798245828	1
1	1988	9	-2.29484938200135	1
1	1988	10	-1.52046356541149	1
1	1989	1	2.13668191797633	1
1	1989	2	2.71850827540478	1
1	1989	3	2.4381000711491	1
1	1989	4	2.4576695206387	1
1	1989	5	0.900234842873159	1
1	1989	6	-0.0922151095420922	1
1	1989	7	-0.848248541535643	1
1	1989	8	-1.23139945140881	1
1	1989	9	-2.48470444235366	1
1	1989	10	-1.73235000191344	1
1	1990	1	1.95954435389795	1
1	1990	2	2.33364664277978	1
1	1990	3	2.36371262323808	1
1	1990	4	1.66258506270727	1
1	1990	5	1.76352884672377	1
1	1990	6	0.131957504679487	1
1	1990	7	-1.08010299211289	1
1	1990	8	-1.72012187925811	1
1	1990	9	-1.92667462935058	1
1	1990	10	-1.98475340992363	1
1	1991	1	1.87088584414127	1
1	1991	2	2.19049792768483	1
1	1991	3	2.04270310609538	1
1	1991	4	1.66815220541465	1
1	1991	5	1.02575329861646	1
1	1991	6	0.994385092845304	1
1	1991	7	-0.84777510951861	1
1	1991	8	-1.83267208511949	1
1	1991	9	-2.24665639631994	1
1	1991	10	-1.72862094953473	1
1	1992	1	1.7588648888953	1
1	1992	2	2.12544888425285	1
1	1992	3	1.94143587961477	1
1	1992	4	1.38650054574281	1
1	1992	5	1.05029006147696	1
1	1992	6	0.280739534137089	1
1	1992	7	0.0978612783476631	1
1	1992	8	-1.4863105009494	1
1	1992	9	-2.25863554600591	1
1	1992	10	-1.59707413547534	1
1	1993	1	1.28515873682841	1
1	1993	2	1.98883170992813	1
1	1993	3	1.84472237011463	1
1	1993	4	1.2485167370172	1
1	1993	5	0.744970027830746	1
1	1993	6	0.340695822789202	1
1	1993	7	-0.56056555671306	1
1	1993	8	-0.624315685891288	1
1	1993	9	-2.09283020637249	1
1	1993	10	-1.65830581592054	1
1	1994	1	1.17037976367064	1
1	1994	2	1.48952519261279	1
1	1994	3	1.68471299755264	1
1	1994	4	1.12298480759289	1
1	1994	5	0.578821309406132	1
1	1994	6	0.0424585234731971	1
1	1994	7	-0.520995355422956	1
1	1994	8	-1.47800209247044	1
1	1994	9	-1.52449964532491	1
1	1994	10	-1.89043199685726	1
1	1995	1	1.47770633888004	1
1	1995	2	1.49150511541689	1
1	1995	3	1.30076974893474	1
1	1995	4	1.01319129392994	1
1	1995	5	0.436090853821408	1
1	1995	6	-0.144378997488046	1
1	1995	7	-0.832413790326353	1
1	1995	8	-1.48025592801506	1
1	1995	9	-2.43222245728362	1
1	1995	10	-1.75775238479778	1
1	1996	1	1.29043500674337	1
1	1996	2	2.08319076931616	1
1	1996	3	1.49517905077997	1
1	1996	4	0.661584910117789	1
1	1996	5	0.295053599281024	1
1	1996	6	-0.297574789059755	1
1	1996	7	-0.975953733059011	1
1	1996	8	-1.67803621871585	1
1	1996	9	-2.2824529960847	1
1	1996	10	-1.93629496020661	1
1	1997	1	2.24119269668351	1
1	1997	2	2.17951695215347	1
1	1997	3	2.12516672104927	1
1	1997	4	0.710742398026497	1
1	1997	5	-0.132769639158195	1
1	1997	6	-0.447032715679368	1
1	1997	7	-1.12090788500688	1
1	1997	8	-1.77311864683985	1
1	1997	9	-2.39277592451643	1
1	1997	10	-1.88147788230499	1
1	1998	1	1.15272497517376	1
1	1998	2	3.18853350173435	1
1	1998	3	2.03590655794653	1
1	1998	4	1.08645122109088	1
1	1998	5	-0.173363787143611	1
1	1998	6	-0.928628834822785	1
1	1998	7	-1.39005686352786	1
1	1998	8	-2.042341210834	1
1	1998	9	-2.5605997781966	1
1	1998	10	-1.96276721586329	1
1	1999	1	1.14923138838763	1
1	1999	2	1.86556484608509	1
1	1999	3	2.85978005216816	1
1	1999	4	0.970133507920869	1
1	1999	5	0.179043366343167	1
1	1999	6	-1.08245787414809	1
1	1999	7	-2.05157858513031	1
1	1999	8	-2.43815100479706	1
1	1999	9	-2.88072697583027	1
1	1999	10	-2.20245437853221	1
1	2000	1	1.4907949265889	1
1	2000	2	1.56538764223389	1
1	2000	3	1.62667559517515	1
1	2000	4	2.12445435860084	1
1	2000	5	0.125777465142626	1
1	2000	6	-0.828560124763554	1
1	2000	7	-2.24095976028412	1
1	2000	8	-3.00519960713931	1
1	2000	9	-3.17483507097118	1
1	2000	10	-2.49187027760932	1
1	2001	1	1.21446643663969	1
1	2001	2	1.86971111785054	1
1	2001	3	1.59305530972481	1
1	2001	4	1.16312509544915	1
1	2001	5	1.33465558770533	1
1	2001	6	-0.859599844864077	1
1	2001	7	-1.81835529800342	1
1	2001	8	-2.99006930649861	1
1	2001	9	-3.69900864098515	1
1	2001	10	-2.72353776818656	1
1	2002	1	2.24564391351719	1
1	2002	2	1.78318545546117	1
1	2002	3	1.93004439593464	1
1	2002	4	0.990391634881387	1
1	2002	5	0.362504417495563	1
1	2002	6	0.488566528488171	1
1	2002	7	-1.70730745871168	1
1	2002	8	-2.59408050054444	1
1	2002	9	-3.88715886841186	1
1	2002	10	-2.95783922572674	1
1	2003	1	1.15424270437784	1
1	2003	2	2.91096196668192	1
1	2003	3	1.54860029046116	1
1	2003	4	0.948057076823869	1
1	2003	5	0.161086158918335	1
1	2003	6	-0.366799615871802	1
1	2003	7	-0.402905322221153	1
1	2003	8	-2.76663172077346	1
1	2003	9	-3.76004330729103	1
1	2003	10	-3.084154539511	1
1	2004	1	2.09643932777949	1
1	2004	2	1.62455131683075	1
1	2004	3	2.37518467837432	1
1	2004	4	0.399536617710657	1
1	2004	5	0.123977380705497	1
1	2004	6	-0.57695465197693	1
1	2004	7	-1.38852311323746	1
1	2004	8	-1.65761234586693	1
1	2004	9	-3.97840838674149	1
1	2004	10	-3.07948933634053	1
1	2005	1	1.7848237093669	1
1	2005	2	2.23684799848269	1
1	2005	3	1.07009766339109	1
1	2005	4	1.40369435941836	1
1	2005	5	-0.40406754319204	1
1	2005	6	-0.680727783502149	1
1	2005	7	-1.60498467580583	1
1	2005	8	-2.53087370065043	1
1	2005	9	-2.72234312498057	1
1	2005	10	-3.1977102250911	1
1	2006	1	1.6347556122504	1
1	2006	2	1.80062491270576	1
1	2006	3	1.84590078361756	1
1	2006	4	0.270961986450441	1
1	2006	5	0.598090145931057	1
1	2006	6	-1.19542132721645	1
1	2006	7	-1.54321298765672	1
1	2006	8	-2.53138303517638	1
1	2006	9	-3.55192988351867	1
1	2006	10	-2.80918837612968	1
1	2007	1	1.88692206833862	1
1	2007	2	1.81360383772594	1
1	2007	3	1.48210226014287	1
1	2007	4	1.00977057896988	1
1	2007	5	-0.532327217491263	1
1	2007	6	-0.0922839544967466	1
1	2007	7	-1.88714115532832	1
1	2007	8	-2.39916483124505	1
1	2007	9	-3.66862634233433	1
1	2007	10	-2.98069615995733	1
1	2008	1	1.68153199455423	1
1	2008	2	2.1938123345237	1
1	2008	3	1.4226936074968	1
1	2008	4	0.585954636468053	1
1	2008	5	0.241289183440017	1
1	2008	6	-1.15074735561216	1
1	2008	7	-0.699602709140287	1
1	2008	8	-2.77406351538995	1
1	2008	9	-3.61859137100742	1
1	2008	10	-2.97604104652753	1
1	2009	1	1.75362778693932	1
1	2009	2	1.81421268598242	1
1	2009	3	1.74430942216361	1
1	2009	4	0.664451827339906	1
1	2009	5	-0.125938816160168	1
1	2009	6	-0.379475463281047	1
1	2009	7	-1.71701762920956	1
1	2009	8	-1.58406838361363	1
1	2009	9	-3.93900889293727	1
1	2009	10	-2.78469200085964	1
1	2010	1	1.97289034917629	1
1	2010	2	1.58651407401473	1
1	2010	3	1.46643629623705	1
1	2010	4	1.25938125954643	1
1	2010	5	0.0230655209809516	1
1	2010	6	-0.745281046320432	1
1	2010	7	-0.917060008307335	1
1	2010	8	-2.54918608114013	1
1	2010	9	-2.6003291697041	1
1	2010	10	-2.65768808107302	1
1	2011	1	1.7314947052941	1
1	2011	2	1.8030488370795	1
1	2011	3	1.46677028359885	1
1	2011	4	1.15648217952142	1
1	2011	5	0.703170592759284	1
1	2011	6	-0.542218590884973	1
1	2011	7	-1.32144154058562	1
1	2011	8	-1.70973670380259	1
1	2011	9	-3.37766112672198	1
1	2011	10	-2.06404838733211	1
1	2012	1	1.22115697488588	1
1	2012	2	1.96105389999289	1
1	2012	3	1.85097569789613	1
1	2012	4	1.12931840653081	1
1	2012	5	0.661828961630805	1
1	2012	6	0.156263958473673	1
1	2012	7	-1.24213248382692	1
1	2012	8	-2.07315102930698	1
1	2012	9	-2.34892469853025	1
1	2012	10	-1.95466118464321	1
1	2013	1	1.49809264659238	1
1	2013	2	1.81124661986499	1
1	2013	3	2.01465255325643	1
1	2013	4	1.42159275891563	1
1	2013	5	0.629038544647095	1
1	2013	6	0.0498856084862016	1
1	2013	7	-0.614647151050463	1
1	2013	8	-1.90430754672439	1
1	2013	9	-2.61234432512454	1
1	2013	10	-1.58057046744691	1
1	2014	1	1.97578026011594	1
1	2014	2	1.98136826706826	1
1	2014	3	1.75336968037865	1
1	2014	4	1.57789150982467	1
1	2014	5	0.875240733234953	1
1	2014	6	-0.040138578168964	1
1	2014	7	-0.65443352466766	1
1	2014	8	-1.21832795352227	1
1	2014	9	-2.51519521758313	1
1	2014	10	-1.44526830358521	1
1	2015	1	1.48523175111831	1
1	2015	2	2.05742494465445	1
1	2015	3	1.82361696042444	1
1	2015	4	1.37221638400127	1
1	2015	5	1.00316844453599	1
1	2015	6	0.222364696994896	1
1	2015	7	-0.644990603610509	1
1	2015	8	-1.31114528543095	1
1	2015	9	-2.01121294465933	1
1	2015	10	-1.36472468439439	1
1	2016	1	1.493762850181	1
1	2016	2	1.36377097645921	1
1	2016	3	1.91221351427861	1
1	2016	4	1.46761551440872	1
1	2016	5	0.815482663963421	1
1	2016	6	0.415342450583408	1
1	2016	7	-0.382086487588625	1
1	2016	8	-1.43667821606898	1
1	2016	9	-2.25432093136411	1
1	2016	10	-1.20171640327803	1
1	2017	1	1.38010373958081	1
1	2017	2	1.60210805618181	1
1	2017	3	1.34250943795273	1
1	2017	4	1.51581893714597	1
1	2017	5	0.959620176732045	1
1	2017	6	0.284069810638332	1
1	2017	7	-0.299650106667679	1
1	2017	8	-1.30182053693614	1
1	2017	9	-2.42250393688728	1
1	2017	10	-1.18123449918334	1
2	1996	1	2.28279404018058	1
2	1996	2	2.21618307943958	1
2	1996	3	0.720233010954384	1
2	1996	4	-0.351008022661855	1
2	1996	5	-0.619322411499313	1
2	1996	6	-1.47021819204438	1
2	1996	7	-2.28383955597392	1
2	1996	8	-2.96424383949423	1
2	1996	9	-3.6376614521134	1
2	1996	10	-1.90312342111942	1
2	1997	1	3.51115033651977	1
2	1997	2	1.82664061876984	1
2	1997	3	0.964462211483165	1
2	1997	4	-0.44893309541107	1
2	1997	5	-1.49529903166789	1
2	1997	6	-1.74846693380474	1
2	1997	7	-2.77673929682332	1
2	1997	8	-2.53743874826777	1
2	1997	9	-4.41504009881953	1
2	1997	10	-2.73182208455109	1
2	1998	1	2.58911660979841	1
2	1998	2	3.45663628288189	1
2	1998	3	1.3001182128119	1
2	1998	4	0.02250467953687	1
2	1998	5	-1.3908253062633	1
2	1998	6	-1.92329178555284	1
2	1998	7	-2.43860296726925	1
2	1998	8	-2.59912923552357	1
2	1998	9	-3.5895901971683	1
2	1998	10	-3.04392865909959	1
2	1999	1	2.85253264032355	1
2	1999	2	1.92654056359275	1
2	1999	3	2.43704081210486	1
2	1999	4	0.069886430760965	1
2	1999	5	-0.855518228470681	1
2	1999	6	-2.32551333956413	1
2	1999	7	-3.29943387651437	1
2	1999	8	-3.41261935872055	1
2	1999	9	-4.17591849817746	1
2	1999	10	-4.40837528265002	1
2	2000	1	2.79385978114276	1
2	2000	2	2.1129858505311	1
2	2000	3	1.25605414831474	1
2	2000	4	1.34942581632632	1
2	2000	5	-1.43957821716512	1
2	2000	6	-2.47497856490352	1
2	2000	7	-3.1653650818377	1
2	2000	8	-3.2963286404067	1
2	2000	9	-5.10628214673427	1
2	2000	10	-3.79716305265652	1
2	2001	1	2.42518103020468	1
2	2001	2	2.02861223507908	1
2	2001	3	0.96285485536579	1
2	2001	4	0.290729242469372	1
2	2001	5	0.289581741976948	1
2	2001	6	-2.26216574440784	1
2	2001	7	-3.35370205745046	1
2	2001	8	-3.58239027908134	1
2	2001	9	-3.85611790437773	1
2	2001	10	-3.42243812297725	1
2	2002	1	3.94778870688911	1
2	2002	2	1.83894196335649	1
2	2002	3	0.977976402466065	1
2	2002	4	0.364393524797804	1
2	2002	5	-0.226080532018613	1
2	2002	6	-0.517171388043749	1
2	2002	7	-2.27171833224985	1
2	2002	8	-2.9994995252344	1
2	2002	9	-4.1009961472374	1
2	2002	10	-2.55165063546068	1
2	2003	1	2.52044755017613	1
2	2003	2	2.85316221443773	1
2	2003	3	0.965142214504726	1
2	2003	4	0.266787134863931	1
2	2003	5	-0.48330200773225	1
2	2003	6	-1.02254196810172	1
2	2003	7	-1.03432584635925	1
2	2003	8	-3.60867898217085	1
2	2003	9	-3.89134065362367	1
2	2003	10	-2.32297803140856	1
2	2004	1	2.83969489266967	1
2	2004	2	1.63035494549441	1
2	2004	3	1.90229021738567	1
2	2004	4	0.130679765228209	1
2	2004	5	-0.538211569589313	1
2	2004	6	-1.08185617202236	1
2	2004	7	-1.66741826523662	1
2	2004	8	-1.2787642203209	1
2	2004	9	-4.10641508797072	1
2	2004	10	-2.49140916219768	1
2	2005	1	2.67319608495135	1
2	2005	2	2.35138220973256	1
2	2005	3	0.577835240659351	1
2	2005	4	0.968151824614398	1
2	2005	5	-1.0488150951268	1
2	2005	6	-0.918616707926746	1
2	2005	7	-1.944799017798	1
2	2005	8	-3.4867725229383	1
2	2005	9	-1.12493480350541	1
2	2005	10	-1.91449638508776	1
2	2006	1	2.77368563816083	1
2	2006	2	1.85015975583682	1
2	2006	3	1.34529155279686	1
2	2006	4	-0.0897930548629073	1
2	2006	5	0.376347523162409	1
2	2006	6	-1.49411374272716	1
2	2006	7	-1.25304941209741	1
2	2006	8	-3.26654036335351	1
2	2006	9	-3.00717999723519	1
2	2006	10	-1.31189588990495	1
2	2007	1	3.48696821743361	1
2	2007	2	2.11197591530416	1
2	2007	3	1.40435537806121	1
2	2007	4	1.12466650054479	1
2	2007	5	-0.424686187127611	1
2	2007	6	-0.0279634955694483	1
2	2007	7	-2.21192990971621	1
2	2007	8	-1.4369183768626	1
2	2007	9	-3.58821524659298	1
2	2007	10	-0.964996065901603	1
2	2008	1	3.27546062966004	1
2	2008	2	2.86477846710991	1
2	2008	3	1.57794530242813	1
2	2008	4	0.896310841826963	1
2	2008	5	0.530981799334096	1
2	2008	6	-1.01291858250624	1
2	2008	7	-0.603730466274486	1
2	2008	8	-2.18446831485321	1
2	2008	9	-1.72645379607528	1
2	2008	10	-1.05120225532841	1
2	2009	1	3.21428980619143	1
2	2009	2	2.16917918015	1
2	2009	3	2.026035727931	1
2	2009	4	0.671289036233829	1
2	2009	5	0.174238838046592	1
2	2009	6	-0.0211926812478849	1
2	2009	7	-1.38815585419351	1
2	2009	8	-0.591186947092637	1
2	2009	9	-2.24299824285457	1
2	2009	10	-0.806193048372774	1
2	2010	1	3.44129272696478	1
2	2010	2	2.36435274633251	1
2	2010	3	1.65770609115761	1
2	2010	4	1.34392584286531	1
2	2010	5	0.163057118984844	1
2	2010	6	-0.422985453635949	1
2	2010	7	-0.408957445138842	1
2	2010	8	-1.48218500410824	1
2	2010	9	-0.979406526634294	1
2	2010	10	-0.645084465551896	1
2	2011	1	3.889590381137	1
2	2011	2	2.78314088806168	1
2	2011	3	1.93690108548126	1
2	2011	4	1.26093383908801	1
2	2011	5	0.848918425486631	1
2	2011	6	-0.287935185606042	1
2	2011	7	-1.05013879131237	1
2	2011	8	-0.477035729659422	1
2	2011	9	-2.40577429026379	1
2	2011	10	-0.398249272236344	1
2	2012	1	3.12279932142015	1
2	2012	2	3.1940203201522	1
2	2012	3	2.68765735715424	1
2	2012	4	1.75618494324925	1
2	2012	5	1.11942467320754	1
2	2012	6	0.648798065499228	1
2	2012	7	-0.520645528032333	1
2	2012	8	-0.795311207213631	1
2	2012	9	-0.519606181136446	1
2	2012	10	-0.548413148437604	1
2	2013	1	3.51726189541642	1
2	2013	2	2.98849898611872	1
2	2013	3	2.68032626660144	1
2	2013	4	1.97891503260752	1
2	2013	5	1.00233788653671	1
2	2013	6	0.474570279769483	1
2	2013	7	0.171525714222576	1
2	2013	8	-0.738292760950786	1
2	2013	9	-1.23340957034938	1
2	2013	10	-0.129270989762836	1
2	2014	1	4.01516167661951	1
2	2014	2	3.13633705076587	1
2	2014	3	2.3284943476148	1
2	2014	4	2.05833469804073	1
2	2014	5	1.19921017670671	1
2	2014	6	0.323714489485339	1
2	2014	7	-0.168066287985568	1
2	2014	8	-0.42243226657673	1
2	2014	9	-0.99505427091306	1
2	2014	10	-0.168063413630407	1
2	2015	1	2.98679194243159	1
2	2015	2	3.23440522726013	1
2	2015	3	2.5546066266743	1
2	2015	4	1.83360686383147	1
2	2015	5	1.57021111837624	1
2	2015	6	0.922044797018226	1
2	2015	7	-0.168474165177567	1
2	2015	8	-0.48267862820497	1
2	2015	9	-0.557431828010347	1
2	2015	10	-0.0146854114254733	1
2	2016	1	3.46455848156868	1
2	2016	2	2.48090549826599	1
2	2016	3	2.50071033785173	1
2	2016	4	1.8935170640323	1
2	2016	5	1.25041745148689	1
2	2016	6	0.889293779320687	1
2	2016	7	0.306604401989172	1
2	2016	8	-0.466848557477917	1
2	2016	9	-0.908551753329871	1
2	2016	10	-0.110351602108086	1
2	2017	1	3.99493828484606	1
2	2017	2	2.95920658791332	1
2	2017	3	1.9097372618621	1
2	2017	4	2.00190945705736	1
2	2017	5	1.36800634110366	1
2	2017	6	0.638790090852594	1
2	2017	7	0.154297742888105	1
2	2017	8	-0.315532701530707	1
2	2017	9	-1.38059301437994	1
2	2017	10	-0.232807744270822	1
# Auxilliary data frame 
# Number of auxilliary data
 610 
# year	age	m	m.spwn	harvest.spwn	mat.wt
1957	1	-2.30258509299405	0	0	0	0.038
1957	2	-2.30258509299405	0	0	0.051	0.102
1957	3	-2.30258509299405	0	0	0.0785	0.157
1957	4	-2.30258509299405	0	0	0.242	0.242
1957	5	-2.30258509299405	0	0	0.325	0.325
1957	6	-2.30258509299405	0	0	0.485	0.485
1957	7	-2.30258509299405	0	0	0.719	0.719
1957	8	-2.30258509299405	0	0	0.682	0.682
1957	9	-2.30258509299405	0	0	0.844	0.844
1957	10	-2.30258509299405	0	0	0.918	0.918
1958	1	-2.30258509299405	0	0	0	0.041
1958	2	-2.30258509299405	0	0	0.0465	0.093
1958	3	-2.30258509299405	0	0	0.09	0.18
1958	4	-2.30258509299405	0	0	0.272	0.272
1958	5	-2.30258509299405	0	0	0.303	0.303
1958	6	-2.30258509299405	0	0	0.442	0.442
1958	7	-2.30258509299405	0	0	0.577	0.577
1958	8	-2.30258509299405	0	0	0.778	0.778
1958	9	-2.30258509299405	0	0	0.793	0.793
1958	10	-2.30258509299405	0	0	0.945	0.945
1959	1	-2.30258509299405	0	0	0	0.045
1959	2	-2.30258509299405	0	0	0.053	0.106
1959	3	-2.30258509299405	0	0	0.0865	0.173
1959	4	-2.30258509299405	0	0	0.264	0.264
1959	5	-2.30258509299405	0	0	0.329	0.329
1959	6	-2.30258509299405	0	0	0.47	0.47
1959	7	-2.30258509299405	0	0	0.65	0.65
1959	8	-2.30258509299405	0	0	0.686	0.686
1959	9	-2.30258509299405	0	0	0.908	0.908
1959	10	-2.30258509299405	0	0	0.897	0.897
1960	1	-2.30258509299405	0	0	0	0.038
1960	2	-2.30258509299405	0	0	0.0555	0.111
1960	3	-2.30258509299405	0	0	0.0905	0.181
1960	4	-2.30258509299405	0	0	0.272	0.272
1960	5	-2.30258509299405	0	0	0.364	0.364
1960	6	-2.30258509299405	0	0	0.469	0.469
1960	7	-2.30258509299405	0	0	0.633	0.633
1960	8	-2.30258509299405	0	0	0.726	0.726
1960	9	-2.30258509299405	0	0	0.845	0.845
1960	10	-2.30258509299405	0	0	0.918	0.918
1961	1	-2.30258509299405	0	0	0	0.037
1961	2	-2.30258509299405	0	0	0.049	0.098
1961	3	-2.30258509299405	0	0	0.0925	0.185
1961	4	-2.30258509299405	0	0	0.306	0.306
1961	5	-2.30258509299405	0	0	0.337	0.337
1961	6	-2.30258509299405	0	0	0.483	0.483
1961	7	-2.30258509299405	0	0	0.579	0.579
1961	8	-2.30258509299405	0	0	0.691	0.691
1961	9	-2.30258509299405	0	0	0.779	0.779
1961	10	-2.30258509299405	0	0	0.911	0.911
1962	1	-2.30258509299405	0	0	0	0.036
1962	2	-2.30258509299405	0	0	0.048	0.096
1962	3	-2.30258509299405	0	0	0.0865	0.173
1962	4	-2.30258509299405	0	0	0.301	0.301
1962	5	-2.30258509299405	0	0	0.424	0.424
1962	6	-2.30258509299405	0	0	0.573	0.573
1962	7	-2.30258509299405	0	0	0.684	0.684
1962	8	-2.30258509299405	0	0	0.806	0.806
1962	9	-2.30258509299405	0	0	0.873	0.873
1962	10	-2.30258509299405	0	0	1.335	1.335
1963	1	-2.30258509299405	0	0	0	0.041
1963	2	-2.30258509299405	0	0	0.0515	0.103
1963	3	-2.30258509299405	0	0	0.088	0.176
1963	4	-2.30258509299405	0	0	0.273	0.273
1963	5	-2.30258509299405	0	0	0.378	0.378
1963	6	-2.30258509299405	0	0	0.54	0.54
1963	7	-2.30258509299405	0	0	0.663	0.663
1963	8	-2.30258509299405	0	0	0.788	0.788
1963	9	-2.30258509299405	0	0	0.882	0.882
1963	10	-2.30258509299405	0	0	0.961	0.961
1964	1	-2.30258509299405	0	0	0	0.024
1964	2	-2.30258509299405	0	0	0.0565	0.113
1964	3	-2.30258509299405	0	0	0.092	0.184
1964	4	-2.30258509299405	0	0	0.296	0.296
1964	5	-2.30258509299405	0	0	0.373	0.373
1964	6	-2.30258509299405	0	0	0.477	0.477
1964	7	-2.30258509299405	0	0	0.645	0.645
1964	8	-2.30258509299405	0	0	0.673	0.673
1964	9	-2.30258509299405	0	0	0.845	0.845
1964	10	-2.30258509299405	0	0	0.973	0.973
1965	1	-2.30258509299405	0	0	0	0.031
1965	2	-2.30258509299405	0	0	0.034	0.068
1965	3	-2.30258509299405	0	0	0.099	0.198
1965	4	-2.30258509299405	0	0	0.294	0.294
1965	5	-2.30258509299405	0	0	0.333	0.333
1965	6	-2.30258509299405	0	0	0.43	0.43
1965	7	-2.30258509299405	0	0	0.516	0.516
1965	8	-2.30258509299405	0	0	0.601	0.601
1965	9	-2.30258509299405	0	0	0.722	0.722
1965	10	-2.30258509299405	0	0	0.578	0.578
1966	1	-2.30258509299405	0	0	0	0.031
1966	2	-2.30258509299405	0	0	0.0495	0.099
1966	3	-2.30258509299405	0	0	0.0635	0.127
1966	4	-2.30258509299405	0	0	0.305	0.305
1966	5	-2.30258509299405	0	0	0.403	0.403
1966	6	-2.30258509299405	0	0	0.455	0.455
1966	7	-2.30258509299405	0	0	0.503	0.503
1966	8	-2.30258509299405	0	0	0.565	0.565
1966	9	-2.30258509299405	0	0	0.581	0.581
1966	10	-2.30258509299405	0	0	0.848	0.848
1967	1	-2.30258509299405	0	0	0	0.029
1967	2	-2.30258509299405	0	0	0.052	0.104
1967	3	-2.30258509299405	0	0	0.0895	0.179
1967	4	-2.30258509299405	0	0	0.205	0.205
1967	5	-2.30258509299405	0	0	0.442	0.442
1967	6	-2.30258509299405	0	0	0.528	0.528
1967	7	-2.30258509299405	0	0	0.585	0.585
1967	8	-2.30258509299405	0	0	0.65	0.65
1967	9	-2.30258509299405	0	0	0.703	0.703
1967	10	-2.30258509299405	0	0	0.833	0.833
1968	1	-2.30258509299405	0	0	0	0.055
1968	2	-2.30258509299405	0	0	0.047	0.094
1968	3	-2.30258509299405	0	0	0.0875	0.175
1968	4	-2.30258509299405	0	0	0.287	0.287
1968	5	-2.30258509299405	0	0	0.344	0.344
1968	6	-2.30258509299405	0	0	0.532	0.532
1968	7	-2.30258509299405	0	0	0.592	0.592
1968	8	-2.30258509299405	0	0	0.362	0.362
1968	9	-2.30258509299405	0	0	0.667	0.667
1968	10	-2.30258509299405	0	0	0.746	0.746
1969	1	-2.30258509299405	0	0	0	0.047
1969	2	-2.30258509299405	0	0	0.079	0.158
1969	3	-2.30258509299405	0	0	0.094	0.188
1969	4	-2.30258509299405	0	0	0.266	0.266
1969	5	-2.30258509299405	0	0	0.344	0.344
1969	6	-2.30258509299405	0	0	0.39	0.39
1969	7	-2.30258509299405	0	0	0.565	0.565
1969	8	-2.30258509299405	0	0	0.621	0.621
1969	9	-2.30258509299405	0	0	0.679	0.679
1969	10	-2.30258509299405	0	0	0.635	0.635
1970	1	-2.30258509299405	0	0	0	0.043
1970	2	-2.30258509299405	0	0	0.0565	0.113
1970	3	-2.30258509299405	0	0	0.118	0.236
1970	4	-2.30258509299405	0	0	0.274	0.274
1970	5	-2.30258509299405	0	0	0.369	0.369
1970	6	-2.30258509299405	0	0	0.41	0.41
1970	7	-2.30258509299405	0	0	0.468	0.468
1970	8	-2.30258509299405	0	0	0.636	0.636
1970	9	-2.30258509299405	0	0	0.732	0.732
1970	10	-2.30258509299405	0	0	0.747	0.747
1971	1	-2.30258509299405	0	0	0	0.051
1971	2	-2.30258509299405	0	0	0.0545	0.109
1971	3	-2.30258509299405	0	0	0.1255	0.251
1971	4	-2.30258509299405	0	0	0.344	0.344
1971	5	-2.30258509299405	0	0	0.413	0.413
1971	6	-2.30258509299405	0	0	0.489	0.489
1971	7	-2.30258509299405	0	0	0.512	0.512
1971	8	-2.30258509299405	0	0	0.583	0.583
1971	9	-2.30258509299405	0	0	0.696	0.696
1971	10	-2.30258509299405	0	0	0.707	0.707
1972	1	-2.30258509299405	0	0	0	0.056
1972	2	-2.30258509299405	0	0	0.079	0.158
1972	3	-2.30258509299405	0	0	0.109	0.218
1972	4	-2.30258509299405	0	0	0.407	0.407
1972	5	-2.30258509299405	0	0	0.473	0.473
1972	6	-2.30258509299405	0	0	0.534	0.534
1972	7	-2.30258509299405	0	0	0.579	0.579
1972	8	-2.30258509299405	0	0	0.606	0.606
1972	9	-2.30258509299405	0	0	0.655	0.655
1972	10	-2.30258509299405	0	0	0.759	0.759
1973	1	-2.30258509299405	0	0	0	0.037
1973	2	-2.30258509299405	0	0	0.067	0.134
1973	3	-2.30258509299405	0	0	0.1185	0.237
1973	4	-2.30258509299405	0	0	0.308	0.308
1973	5	-2.30258509299405	0	0	0.468	0.468
1973	6	-2.30258509299405	0	0	0.521	0.521
1973	7	-2.30258509299405	0	0	0.566	0.566
1973	8	-2.30258509299405	0	0	0.583	0.583
1973	9	-2.30258509299405	0	0	0.617	0.617
1973	10	-2.30258509299405	0	0	0.69	0.69
1974	1	-2.30258509299405	0	0	0	0.049
1974	2	-2.30258509299405	0	0	0.0525	0.105
1974	3	-2.30258509299405	0	0	0.1085	0.217
1974	4	-2.30258509299405	0	0	0.416	0.416
1974	5	-2.30258509299405	0	0	0.437	0.437
1974	6	-2.30258509299405	0	0	0.524	0.524
1974	7	-2.30258509299405	0	0	0.57	0.57
1974	8	-2.30258509299405	0	0	0.629	0.629
1974	9	-2.30258509299405	0	0	0.652	0.652
1974	10	-2.30258509299405	0	0	0.69	0.69
1975	1	-2.30258509299405	0	0	0	0.063
1975	2	-2.30258509299405	0	0	0.0705	0.141
1975	3	-2.30258509299405	0	0	0.0935	0.187
1975	4	-2.30258509299405	0	0	0.388	0.388
1975	5	-2.30258509299405	0	0	0.483	0.483
1975	6	-2.30258509299405	0	0	0.544	0.544
1975	7	-2.30258509299405	0	0	0.61	0.61
1975	8	-2.30258509299405	0	0	0.668	0.668
1975	9	-2.30258509299405	0	0	0.704	0.704
1975	10	-2.30258509299405	0	0	0.762	0.762
1976	1	-2.30258509299405	0	0	0	0.082
1976	2	-2.30258509299405	0	0	0.0845	0.169
1976	3	-2.30258509299405	0	0	0.113	0.226
1976	4	-2.30258509299405	0	0	0.308	0.308
1976	5	-2.30258509299405	0	0	0.484	0.484
1976	6	-2.30258509299405	0	0	0.55	0.55
1976	7	-2.30258509299405	0	0	0.593	0.593
1976	8	-2.30258509299405	0	0	0.658	0.658
1976	9	-2.30258509299405	0	0	0.694	0.694
1976	10	-2.30258509299405	0	0	0.743	0.743
1977	1	-2.30258509299405	0	0	0	0.064
1977	2	-2.30258509299405	0	0	0.092	0.184
1977	3	-2.30258509299405	0	0	0.1325	0.265
1977	4	-2.30258509299405	0	0	0.311	0.311
1977	5	-2.30258509299405	0	0	0.405	0.405
1977	6	-2.30258509299405	0	0	0.551	0.551
1977	7	-2.30258509299405	0	0	0.627	0.627
1977	8	-2.30258509299405	0	0	0.69	0.69
1977	9	-2.30258509299405	0	0	0.667	0.667
1977	10	-2.30258509299405	0	0	0.759	0.759
1978	1	-2.30258509299405	0	0	0	0.064
1978	2	-2.30258509299405	0	0	0.0755	0.151
1978	3	-2.30258509299405	0	0	0.1595	0.319
1978	4	-2.30258509299405	0	0	0.373	0.373
1978	5	-2.30258509299405	0	0	0.411	0.411
1978	6	-2.30258509299405	0	0	0.467	0.467
1978	7	-2.30258509299405	0	0	0.547	0.547
1978	8	-2.30258509299405	0	0	0.63	0.63
1978	9	-2.30258509299405	0	0	0.704	0.704
1978	10	-2.30258509299405	0	0	0.773	0.773
1979	1	-2.30258509299405	0	0	0	0.062
1979	2	-2.30258509299405	0	0	0.0895	0.179
1979	3	-2.30258509299405	0	0	0.129	0.258
1979	4	-2.30258509299405	0	0	0.365	0.365
1979	5	-2.30258509299405	0	0	0.414	0.414
1979	6	-2.30258509299405	0	0	0.459	0.459
1979	7	-2.30258509299405	0	0	0.543	0.543
1979	8	-2.30258509299405	0	0	0.667	0.667
1979	9	-2.30258509299405	0	0	0.764	0.764
1979	10	-2.30258509299405	0	0	0.826	0.826
1980	1	-2.30258509299405	0	0	0	0.049
1980	2	-2.30258509299405	0	0	0.0815	0.163
1980	3	-2.30258509299405	0	0	0.1445	0.289
1980	4	-2.30258509299405	0	0	0.428	0.428
1980	5	-2.30258509299405	0	0	0.444	0.444
1980	6	-2.30258509299405	0	0	0.524	0.524
1980	7	-2.30258509299405	0	0	0.582	0.582
1980	8	-2.30258509299405	0	0	0.651	0.651
1980	9	-2.30258509299405	0	0	0.778	0.778
1980	10	-2.30258509299405	0	0	1.025	1.025
1981	1	-2.30258509299405	0	0	0	0.041
1981	2	-2.30258509299405	0	0	0.07	0.14
1981	3	-2.30258509299405	0	0	0.1195	0.239
1981	4	-2.30258509299405	0	0	0.421	0.421
1981	5	-2.30258509299405	0	0	0.473	0.473
1981	6	-2.30258509299405	0	0	0.536	0.536
1981	7	-2.30258509299405	0	0	0.57	0.57
1981	8	-2.30258509299405	0	0	0.624	0.624
1981	9	-2.30258509299405	0	0	0.707	0.707
1981	10	-2.30258509299405	0	0	0.849	0.849
1982	1	-2.30258509299405	0	0	0	0.048
1982	2	-2.30258509299405	0	0	0.064	0.128
1982	3	-2.30258509299405	0	0	0.125	0.25
1982	4	-2.30258509299405	0	0	0.351	0.351
1982	5	-2.30258509299405	0	0	0.49	0.49
1982	6	-2.30258509299405	0	0	0.589	0.589
1982	7	-2.30258509299405	0	0	0.631	0.631
1982	8	-2.30258509299405	0	0	0.679	0.679
1982	9	-2.30258509299405	0	0	0.726	0.726
1982	10	-2.30258509299405	0	0	0.828	0.828
1983	1	-2.30258509299405	0	0	0	0.045
1983	2	-2.30258509299405	0	0	0.064	0.128
1983	3	-2.30258509299405	0	0	0.121	0.242
1983	4	-2.30258509299405	0	0	0.381	0.381
1983	5	-2.30258509299405	0	0	0.494	0.494
1983	6	-2.30258509299405	0	0	0.559	0.559
1983	7	-2.30258509299405	0	0	0.624	0.624
1983	8	-2.30258509299405	0	0	0.712	0.712
1983	9	-2.30258509299405	0	0	0.754	0.754
1983	10	-2.30258509299405	0	0	0.791	0.791
1984	1	-2.30258509299405	0	0	0	0.048
1984	2	-2.30258509299405	0	0	0.0645	0.129
1984	3	-2.30258509299405	0	0	0.108	0.216
1984	4	-2.30258509299405	0	0	0.413	0.413
1984	5	-2.30258509299405	0	0	0.464	0.464
1984	6	-2.30258509299405	0	0	0.571	0.571
1984	7	-2.30258509299405	0	0	0.649	0.649
1984	8	-2.30258509299405	0	0	0.692	0.692
1984	9	-2.30258509299405	0	0	0.787	0.787
1984	10	-2.30258509299405	0	0	0.898	0.898
1985	1	-2.30258509299405	0	0	0	0.048
1985	2	-2.30258509299405	0	0	0.073	0.146
1985	3	-2.30258509299405	0	0	0.116	0.232
1985	4	-2.30258509299405	0	0	0.32	0.32
1985	5	-2.30258509299405	0	0	0.452	0.452
1985	6	-2.30258509299405	0	0	0.536	0.536
1985	7	-2.30258509299405	0	0	0.635	0.635
1985	8	-2.30258509299405	0	0	0.656	0.656
1985	9	-2.30258509299405	0	0	0.764	0.764
1985	10	-2.30258509299405	0	0	0.869	0.869
1986	1	-2.30258509299405	0	0	0	0.043
1986	2	-2.30258509299405	0	0	0.063	0.126
1986	3	-2.30258509299405	0	0	0.1225	0.245
1986	4	-2.30258509299405	0	0	0.311	0.311
1986	5	-2.30258509299405	0	0	0.44	0.44
1986	6	-2.30258509299405	0	0	0.533	0.533
1986	7	-2.30258509299405	0	0	0.692	0.692
1986	8	-2.30258509299405	0	0	0.779	0.779
1986	9	-2.30258509299405	0	0	0.888	0.888
1986	10	-2.30258509299405	0	0	0.971	0.971
1987	1	-2.30258509299405	0	0	0	0.036
1987	2	-2.30258509299405	0	0	0.0525	0.105
1987	3	-2.30258509299405	0	0	0.1	0.2
1987	4	-2.30258509299405	0	0	0.383	0.383
1987	5	-2.30258509299405	0	0	0.401	0.401
1987	6	-2.30258509299405	0	0	0.503	0.503
1987	7	-2.30258509299405	0	0	0.573	0.573
1987	8	-2.30258509299405	0	0	0.711	0.711
1987	9	-2.30258509299405	0	0	0.747	0.747
1987	10	-2.30258509299405	0	0	0.817	0.817
1988	1	-2.30258509299405	0	0	0	0.036
1988	2	-2.30258509299405	0	0	0.0485	0.097
1988	3	-2.30258509299405	0	0	0.086	0.172
1988	4	-2.30258509299405	0	0	0.264	0.264
1988	5	-2.30258509299405	0	0	0.426	0.426
1988	6	-2.30258509299405	0	0	0.467	0.467
1988	7	-2.30258509299405	0	0	0.547	0.547
1988	8	-2.30258509299405	0	0	0.644	0.644
1988	9	-2.30258509299405	0	0	0.706	0.706
1988	10	-2.30258509299405	0	0	0.897	0.897
1989	1	-2.30258509299405	0	0	0	0.039
1989	2	-2.30258509299405	0	0	0.0505	0.101
1989	3	-2.30258509299405	0	0	0.096	0.192
1989	4	-2.30258509299405	0	0	0.247	0.247
1989	5	-2.30258509299405	0	0	0.362	0.362
1989	6	-2.30258509299405	0	0	0.484	0.484
1989	7	-2.30258509299405	0	0	0.553	0.553
1989	8	-2.30258509299405	0	0	0.616	0.616
1989	9	-2.30258509299405	0	0	0.759	0.759
1989	10	-2.30258509299405	0	0	0.837	0.837
1990	1	-2.30258509299405	0	0	0	0.043
1990	2	-2.30258509299405	0	0	0.054	0.108
1990	3	-2.30258509299405	0	0	0.088	0.176
1990	4	-2.30258509299405	0	0	0.261	0.261
1990	5	-2.30258509299405	0	0	0.343	0.343
1990	6	-2.30258509299405	0	0	0.422	0.422
1990	7	-2.30258509299405	0	0	0.555	0.555
1990	8	-2.30258509299405	0	0	0.647	0.647
1990	9	-2.30258509299405	0	0	0.701	0.701
1990	10	-2.30258509299405	0	0	0.76	0.76
1991	1	-2.30258509299405	0	0	0	0.048
1991	2	-2.30258509299405	0	0	0.0655	0.131
1991	3	-2.30258509299405	0	0	0.092	0.184
1991	4	-2.30258509299405	0	0	0.26	0.26
1991	5	-2.30258509299405	0	0	0.342	0.342
1991	6	-2.30258509299405	0	0	0.401	0.401
1991	7	-2.30258509299405	0	0	0.463	0.463
1991	8	-2.30258509299405	0	0	0.633	0.633
1991	9	-2.30258509299405	0	0	0.652	0.652
1991	10	-2.30258509299405	0	0	0.744	0.744
1992	1	-2.30258509299405	0	0	0	0.043
1992	2	-2.30258509299405	0	0	0.0605	0.121
1992	3	-2.30258509299405	0	0	0.0995	0.199
1992	4	-2.30258509299405	0	0	0.27	0.27
1992	5	-2.30258509299405	0	0	0.318	0.318
1992	6	-2.30258509299405	0	0	0.403	0.403
1992	7	-2.30258509299405	0	0	0.5	0.5
1992	8	-2.30258509299405	0	0	0.573	0.573
1992	9	-2.30258509299405	0	0	0.683	0.683
1992	10	-2.30258509299405	0	0	0.73	0.73
1993	1	-2.30258509299405	0	0	0	0.05
1993	2	-2.30258509299405	0	0	0.0595	0.119
1993	3	-2.30258509299405	0	0	0.104	0.208
1993	4	-2.30258509299405	0	0	0.315	0.315
1993	5	-2.30258509299405	0	0	0.33	0.33
1993	6	-2.30258509299405	0	0	0.391	0.391
1993	7	-2.30258509299405	0	0	0.49	0.49
1993	8	-2.30258509299405	0	0	0.587	0.587
1993	9	-2.30258509299405	0	0	0.633	0.633
1993	10	-2.30258509299405	0	0	0.723	0.723
1994	1	-2.30258509299405	0	0	0	0.053
1994	2	-2.30258509299405	0	0	0.0705	0.141
1994	3	-2.30258509299405	0	0	0.107	0.214
1994	4	-2.30258509299405	0	0	0.29	0.29
1994	5	-2.30258509299405	0	0	0.36	0.36
1994	6	-2.30258509299405	0	0	0.404	0.404
1994	7	-2.30258509299405	0	0	0.462	0.462
1994	8	-2.30258509299405	0	0	0.533	0.533
1994	9	-2.30258509299405	0	0	0.653	0.653
1994	10	-2.30258509299405	0	0	0.702	0.702
1995	1	-2.30258509299405	0	0	0	0.05
1995	2	-2.30258509299405	0	0	0.071	0.142
1995	3	-2.30258509299405	0	0	0.127	0.254
1995	4	-2.30258509299405	0	0	0.336	0.336
1995	5	-2.30258509299405	0	0	0.399	0.399
1995	6	-2.30258509299405	0	0	0.448	0.448
1995	7	-2.30258509299405	0	0	0.509	0.509
1995	8	-2.30258509299405	0	0	0.584	0.584
1995	9	-2.30258509299405	0	0	0.678	0.678
1995	10	-2.30258509299405	0	0	0.789	0.789
1996	1	-2.30258509299405	0	0	0	0.044
1996	2	-2.30258509299405	0	0	0.0585	0.117
1996	3	-2.30258509299405	0	0	0.1145	0.229
1996	4	-2.30258509299405	0	0	0.368	0.368
1996	5	-2.30258509299405	0	0	0.39	0.39
1996	6	-2.30258509299405	0	0	0.462	0.462
1996	7	-2.30258509299405	0	0	0.488	0.488
1996	8	-2.30258509299405	0	0	0.554	0.554
1996	9	-2.30258509299405	0	0	0.66	0.66
1996	10	-2.30258509299405	0	0	0.791	0.791
1997	1	-2.30258509299405	0	0	0	0.035
1997	2	-2.30258509299405	0	0	0.0575	0.115
1997	3	-2.30258509299405	0	0	0.1165	0.233
1997	4	-2.30258509299405	0	0	0.359	0.359
1997	5	-2.30258509299405	0	0	0.439	0.439
1997	6	-2.30258509299405	0	0	0.492	0.492
1997	7	-2.30258509299405	0	0	0.521	0.521
1997	8	-2.30258509299405	0	0	0.543	0.543
1997	9	-2.30258509299405	0	0	0.627	0.627
1997	10	-2.30258509299405	0	0	0.734	0.734
1998	1	-2.30258509299405	0	0	0	0.038
1998	2	-2.30258509299405	0	0	0.0405	0.081
1998	3	-2.30258509299405	0	0	0.1035	0.207
1998	4	-2.30258509299405	0	0	0.333	0.333
1998	5	-2.30258509299405	0	0	0.474	0.474
1998	6	-2.30258509299405	0	0	0.577	0.577
1998	7	-2.30258509299405	0	0	0.581	0.581
1998	8	-2.30258509299405	0	0	0.648	0.648
1998	9	-2.30258509299405	0	0	0.656	0.656
1998	10	-2.30258509299405	0	0	0.642	0.642
1999	1	-2.30258509299405	0	0	0	0.044
1999	2	-2.30258509299405	0	0	0.0455	0.091
1999	3	-2.30258509299405	0	0	0.075	0.15
1999	4	-2.30258509299405	0	0	0.319	0.319
1999	5	-2.30258509299405	0	0	0.437	0.437
1999	6	-2.30258509299405	0	0	0.524	0.524
1999	7	-2.30258509299405	0	0	0.586	0.586
1999	8	-2.30258509299405	0	0	0.644	0.644
1999	9	-2.30258509299405	0	0	0.664	0.664
1999	10	-2.30258509299405	0	0	0.62	0.62
2000	1	-2.30258509299405	0	0	0	0.051
2000	2	-2.30258509299405	0	0	0.053	0.106
2000	3	-2.30258509299405	0	0	0.0825	0.165
2000	4	-2.30258509299405	0	0	0.219	0.219
2000	5	-2.30258509299405	0	0	0.408	0.408
2000	6	-2.30258509299405	0	0	0.467	0.467
2000	7	-2.30258509299405	0	0	0.649	0.649
2000	8	-2.30258509299405	0	0	0.695	0.695
2000	9	-2.30258509299405	0	0	0.656	0.656
2000	10	-2.30258509299405	0	0	0.744	0.744
2001	1	-2.30258509299405	0	0	0	0.061
2001	2	-2.30258509299405	0	0	0.061	0.122
2001	3	-2.30258509299405	0	0	0.101	0.202
2001	4	-2.30258509299405	0	0	0.233	0.233
2001	5	-2.30258509299405	0	0	0.331	0.331
2001	6	-2.30258509299405	0	0	0.452	0.452
2001	7	-2.30258509299405	0	0	0.56	0.56
2001	8	-2.30258509299405	0	0	0.641	0.641
2001	9	-2.30258509299405	0	0	0.798	0.798
2001	10	-2.30258509299405	0	0	0.816	0.816
2002	1	-2.30258509299405	0	0	0	0.048
2002	2	-2.30258509299405	0	0	0.059	0.118
2002	3	-2.30258509299405	0	0	0.1065	0.213
2002	4	-2.30258509299405	0	0	0.301	0.301
2002	5	-2.30258509299405	0	0	0.319	0.319
2002	6	-2.30258509299405	0	0	0.403	0.403
2002	7	-2.30258509299405	0	0	0.446	0.446
2002	8	-2.30258509299405	0	0	0.612	0.612
2002	9	-2.30258509299405	0	0	0.685	0.685
2002	10	-2.30258509299405	0	0	0.781	0.781
2003	1	-2.30258509299405	0	0	0	0.057
2003	2	-2.30258509299405	0	0	0.0555	0.111
2003	3	-2.30258509299405	0	0	0.1135	0.227
2003	4	-2.30258509299405	0	0	0.269	0.269
2003	5	-2.30258509299405	0	0	0.344	0.344
2003	6	-2.30258509299405	0	0	0.391	0.391
2003	7	-2.30258509299405	0	0	0.464	0.464
2003	8	-2.30258509299405	0	0	0.6	0.6
2003	9	-2.30258509299405	0	0	0.714	0.714
2003	10	-2.30258509299405	0	0	0.96	0.96
2004	1	-2.30258509299405	0	0	0	0.047
2004	2	-2.30258509299405	0	0	0.058	0.116
2004	3	-2.30258509299405	0	0	0.1005	0.201
2004	4	-2.30258509299405	0	0	0.306	0.306
2004	5	-2.30258509299405	0	0	0.384	0.384
2004	6	-2.30258509299405	0	0	0.43	0.43
2004	7	-2.30258509299405	0	0	0.489	0.489
2004	8	-2.30258509299405	0	0	0.495	0.495
2004	9	-2.30258509299405	0	0	0.78	0.78
2004	10	-2.30258509299405	0	0	0.921	0.921
2005	1	-2.30258509299405	0	0	0	0.053
2005	2	-2.30258509299405	0	0	0.053	0.106
2005	3	-2.30258509299405	0	0	0.108	0.216
2005	4	-2.30258509299405	0	0	0.237	0.237
2005	5	-2.30258509299405	0	0	0.378	0.378
2005	6	-2.30258509299405	0	0	0.422	0.422
2005	7	-2.30258509299405	0	0	0.434	0.434
2005	8	-2.30258509299405	0	0	0.527	0.527
2005	9	-2.30258509299405	0	0	0.621	0.621
2005	10	-2.30258509299405	0	0	0.815	0.815
2006	1	-2.30258509299405	0	0	0	0.052
2006	2	-2.30258509299405	0	0	0.065	0.13
2006	3	-2.30258509299405	0	0	0.095	0.19
2006	4	-2.30258509299405	0	0	0.316	0.316
2006	5	-2.30258509299405	0	0	0.354	0.354
2006	6	-2.30258509299405	0	0	0.424	0.424
2006	7	-2.30258509299405	0	0	0.439	0.439
2006	8	-2.30258509299405	0	0	0.506	0.506
2006	9	-2.30258509299405	0	0	0.583	0.583
2006	10	-2.30258509299405	0	0	0.688	0.688
2007	1	-2.30258509299405	0	0	0	0.047
2007	2	-2.30258509299405	0	0	0.0465	0.093
2007	3	-2.30258509299405	0	0	0.1175	0.235
2007	4	-2.30258509299405	0	0	0.238	0.238
2007	5	-2.30258509299405	0	0	0.337	0.337
2007	6	-2.30258509299405	0	0	0.394	0.394
2007	7	-2.30258509299405	0	0	0.458	0.458
2007	8	-2.30258509299405	0	0	0.412	0.412
2007	9	-2.30258509299405	0	0	0.526	0.526
2007	10	-2.30258509299405	0	0	0.512	0.512
2008	1	-2.30258509299405	0	0	0	0.048
2008	2	-2.30258509299405	0	0	0.057	0.114
2008	3	-2.30258509299405	0	0	0.098	0.196
2008	4	-2.30258509299405	0	0	0.274	0.274
2008	5	-2.30258509299405	0	0	0.355	0.355
2008	6	-2.30258509299405	0	0	0.429	0.429
2008	7	-2.30258509299405	0	0	0.484	0.484
2008	8	-2.30258509299405	0	0	0.627	0.627
2008	9	-2.30258509299405	0	0	0.598	0.598
2008	10	-2.30258509299405	0	0	0.449	0.449
2009	1	-2.30258509299405	0	0	0	0.052
2009	2	-2.30258509299405	0	0	0.057	0.114
2009	3	-2.30258509299405	0	0	0.097	0.194
2009	4	-2.30258509299405	0	0	0.344	0.344
2009	5	-2.30258509299405	0	0	0.373	0.373
2009	6	-2.30258509299405	0	0	0.412	0.412
2009	7	-2.30258509299405	0	0	0.472	0.472
2009	8	-2.30258509299405	0	0	0.54	0.54
2009	9	-2.30258509299405	0	0	0.565	0.565
2009	10	-2.30258509299405	0	0	0.576	0.576
2010	1	-2.30258509299405	0	0	0	0.053
2010	2	-2.30258509299405	0	0	0.058	0.116
2010	3	-2.30258509299405	0	0	0.0895	0.179
2010	4	-2.30258509299405	0	0	0.34	0.34
2010	5	-2.30258509299405	0	0	0.361	0.361
2010	6	-2.30258509299405	0	0	0.401	0.401
2010	7	-2.30258509299405	0	0	0.448	0.448
2010	8	-2.30258509299405	0	0	0.572	0.572
2010	9	-2.30258509299405	0	0	0.568	0.568
2010	10	-2.30258509299405	0	0	0.655	0.655
2011	1	-2.30258509299405	0	0	0	0.039
2011	2	-2.30258509299405	0	0	0.05	0.1
2011	3	-2.30258509299405	0	0	0.0935	0.187
2011	4	-2.30258509299405	0	0	0.209	0.209
2011	5	-2.30258509299405	0	0	0.355	0.355
2011	6	-2.30258509299405	0	0	0.483	0.483
2011	7	-2.30258509299405	0	0	0.438	0.438
2011	8	-2.30258509299405	0	0	0.422	0.422
2011	9	-2.30258509299405	0	0	0.53	0.53
2011	10	-2.30258509299405	0	0	0.58	0.58
2012	1	-2.30258509299405	0	0	0	0.052
2012	2	-2.30258509299405	0	0	0.0465	0.093
2012	3	-2.30258509299405	0	0	0.071	0.142
2012	4	-2.30258509299405	0	0	0.188	0.188
2012	5	-2.30258509299405	0	0	0.331	0.331
2012	6	-2.30258509299405	0	0	0.393	0.393
2012	7	-2.30258509299405	0	0	0.484	0.484
2012	8	-2.30258509299405	0	0	0.479	0.479
2012	9	-2.30258509299405	0	0	0.48	0.48
2012	10	-2.30258509299405	0	0	0.518	0.518
2013	1	-2.30258509299405	0	0	0	0.043
2013	2	-2.30258509299405	0	0	0.0535	0.107
2013	3	-2.30258509299405	0	0	0.0765	0.153
2013	4	-2.30258509299405	0	0	0.208	0.208
2013	5	-2.30258509299405	0	0	0.32	0.32
2013	6	-2.30258509299405	0	0	0.354	0.354
2013	7	-2.30258509299405	0	0	0.434	0.434
2013	8	-2.30258509299405	0	0	0.493	0.493
2013	9	-2.30258509299405	0	0	0.662	0.662
2013	10	-2.30258509299405	0	0	0.468	0.468
2014	1	-2.30258509299405	0	0	0	0.048
2014	2	-2.30258509299405	0	0	0.052	0.104
2014	3	-2.30258509299405	0	0	0.079	0.158
2014	4	-2.30258509299405	0	0	0.202	0.202
2014	5	-2.30258509299405	0	0	0.312	0.312
2014	6	-2.30258509299405	0	0	0.38	0.38
2014	7	-2.30258509299405	0	0	0.439	0.439
2014	8	-2.30258509299405	0	0	0.484	0.484
2014	9	-2.30258509299405	0	0	0.458	0.458
2014	10	-2.30258509299405	0	0	0.615	0.615
2015	1	-2.30258509299405	0	0	0	0.024
2015	2	-2.30258509299405	0	0	0.0325	0.065
2015	3	-2.30258509299405	0	0	0.06	0.12
2015	4	-2.30258509299405	0	0	0.207	0.207
2015	5	-2.30258509299405	0	0	0.279	0.279
2015	6	-2.30258509299405	0	0	0.323	0.323
2015	7	-2.30258509299405	0	0	0.379	0.379
2015	8	-2.30258509299405	0	0	0.435	0.435
2015	9	-2.30258509299405	0	0	0.465	0.465
2015	10	-2.30258509299405	0	0	0.457	0.457
2016	1	-2.30258509299405	0	0	0	0.03
2016	2	-2.30258509299405	0	0	0.033	0.066
2016	3	-2.30258509299405	0	0	0.0585	0.117
2016	4	-2.30258509299405	0	0	0.198	0.198
2016	5	-2.30258509299405	0	0	0.26	0.26
2016	6	-2.30258509299405	0	0	0.329	0.329
2016	7	-2.30258509299405	0	0	0.38	0.38
2016	8	-2.30258509299405	0	0	0.434	0.434
2016	9	-2.30258509299405	0	0	0.479	0.479
2016	10	-2.30258509299405	0	0	0.514	0.514
2017	1	-2.30258509299405	0	0	0	0.032
2017	2	-2.30258509299405	0	0	0.0345	0.069
2017	3	-2.30258509299405	0	0	0.066	0.132
2017	4	-2.30258509299405	0	0	0.181	0.181
2017	5	-2.30258509299405	0	0	0.27	0.27
2017	6	-2.30258509299405	0	0	0.333	0.333
2017	7	-2.30258509299405	0	0	0.359	0.359
2017	8	-2.30258509299405	0	0	0.458	0.458
2017	9	-2.30258509299405	0	0	0.476	0.476
2017	10	-2.30258509299405	0	0	0.557	0.557
