# Number of parameters = 254 Objective function value = -1015.24175262461  Maximum gradient component = 8.40885262949342e-05
# fpar:
 -1.32252957161820 1.28506381824429 1.32351302522441 0.949470084805732 0.661534660066735 1.17628514757961 1.74035697952631 1.71749709876316 1.85670658649234 2.23664279588471 2.40142568065025 2.03656576491280 1.86285958278453 2.18309315824490 2.17040984858247 1.98480354938318 1.84609151988116 1.90033765594497 1.64381687194702 1.30516241130230 1.37252921907356 1.63107942556981 1.63224761541743 1.93887191512567 1.61256498519245 1.61000542259664 1.24014785959867 0.891946248301279 1.42989885866211 0.679487297743009 0.517993630423610 0.777310938057077 0.811792705892158 0.620611184704526 0.730931464081518 0.726269403807560 0.934792101857437 0.885703650061784 0.929917341653658 1.18652011660869 1.19449136975368 1.02022594480198 1.08474469887598 1.21907277877166 1.09887492070179 1.13376418027025 1.10605640907987 1.34200203691416 1.34090661647004 0.920146914008287 1.35346215894216 0.957378152578042 0.839593215432857 0.512355537686472 0.199950820956661 0.261077454840773 0.0764360506081300 0.107575474356965 -1.20929639160164 0.345644702268465 0.904737222114966 0.654649406450151 0.805818268821390 0.777335897263435 0.700753415906991 0.868421521783702 1.13093761601970 1.05817987969534 1.09478563790202 1.19704888247297 1.21688511740755 1.26729824146860 1.29031900805417 1.32688465968331 1.34130720089709 1.31901164874092 1.31683743828519 1.36889727942902 1.46171258207789 1.36411799629366 1.12222035185322 0.902043596912765 0.428218695221471 0.300903242426024 0.342935770240112 0.273648254322148 0.135558268491346 0.475006044388985 2.46038753447309 3.08060002470945 2.65596925614642 2.70047193929689 2.89464344977459 2.81644686469947 3.01871476677582 2.90109563710189 3.09369551509564 3.18375501359587 3.00879867800755 3.04524538661901 3.33365264331834 3.32063544503285 3.31646565160209 3.49140727472695 3.51461530854704 3.45699491335348 3.35032939333836 3.09170206128338 3.12984580980565 2.71442526245210 2.30870587245547 1.81841978944388 1.79006896585425 1.87561473753493 1.66192397471213 1.68003091490933 -4.56623434156911 -6.84264417717804 -6.34845968574155 -4.01848430492592 -3.76806902004705 -4.38763790035582 -3.95000575997329 -3.80706151483466 -3.64255725845709 -3.59569623042038 -3.71318574544435 -3.52612468306081 -3.44587771427634 -3.55610572477657 -3.42924894650369 -3.36951572988314 -3.86091751048526 -3.48550580098493 -3.28287844296865 -3.29811406700866 -3.59806455798738 -4.07926791810767 -4.25302674295576 -4.73485857764170 -4.93175519051301 -5.11533376311200 -5.54647594509479 -5.54484561916105 -5.41471158501734 -6.00871630787276 -1.87242830826167 -4.28243270005367 -3.79814277441602 1.59863066856919 -0.685253416955852 -1.38046564505122 -1.02758082052172 -1.00125166770343 -1.01245267699449 -1.16470880958086 -1.27434251110540 -1.00571311644312 -0.871031637409176 -0.795606171302429 -0.128905918714721 -0.344627085357704 -0.901994327622365 -1.25596399717783 -0.931922035091309 0.0423142882782568 -1.50108228450201 -2.33046824896793 -2.96988450192844 -3.66309220711716 -4.33783507474513 -3.80443288787302 -3.45288117622984 -3.77361039306697 -3.60414289680913 3.67496905029254 17.6660759361465 -7.45272396496204 17.9594566371187 -5.27410818555245
# qpar:
 -1.36904473260703 -0.371713638600549 -0.701434132657067 0.229408553647160 -1.04437308507561 -0.167779889059362
# vpar:
 -3.17394441421467 -0.978484309905961 1.33919951912725 -1.16752111055442
# ny1par:
 1.92033765483426 4.07542759123591 -1.22858055641285
# rpar:
 3.54428792024588 -0.798151267715936 -0.369234182609088 -0.113818358675928 -0.184042379912676 -0.108880316424828 -0.476748207704684 -0.497581405587893 0.899379613992462 -0.394430442413684 -0.540483128487120 -0.854686271496987 -0.874247930019580 -0.401290532920110 -0.399188041095265 -0.839699842482665 -1.00307858062946 0.326787515059771 0.0639031132326417 -0.245595361129219 -0.398519542429263 0.0281197588752460 -0.134343111041459 -0.0923779102753286 0.0731204479026214 -0.00129576038692951 0.664021000961363 0.323557976264466 0.266619210823557 0.586108195063130 1.46184184038732 0.645498123499127 0.569700317549004 0.223272610009527 0.0815241833863711 -0.0208576018824906 -0.156069007160289 -0.589321577367315 -0.563305655759052 -0.0721851271171239 -0.111879091897584 0.902526408980234 -0.239130852053807 -0.383041572939481 -0.160466135482778 -0.457319040629741 0.588709913828001 -0.580259416655851 0.205021444215305 -0.167179670293573 -0.169387769220683 0.281285299263140 0.100782633939464 0.0826489021690565 0.382907313641464 0.501303458048831 0.301421415804071 0.477337512017201 0.605660498516411 0.0102769998810446 0.455997506631242
# rapar:
 0.00000000000000
# rbpar:
 0.00000000000000
