# Number of parameters = 65 Objective function value = 65.8452118398268  Maximum gradient component = 1.58644339250008e-06
# fpar:
 -1.59537792394236 0.244181466665558 0.395601469987775 -0.501419688424878 -0.373291901041213 1.18638907499212 -0.809596764621022 -0.741935352341772 -6.18858988807539 -0.699475200663700 -0.412888163576545 -0.719895309654036 -0.618831215882431 -0.665721486881502 -0.451234359567795 -1.14843834832419 -1.72030387593265 1.33871561059006 1.63406101456420 1.21520942499328 1.00550030739125 1.48229514668156 1.26466146783849 1.51176149225801 0.569801121607151 -1.43895051825546 -0.323711103090936 -0.515496288688337 0.408201887130400 -0.319628084570474 0.721386033803414 0.148520651745075 0.741550528544506 6.18038798658734 3.75696002830488 5.98752473479544
# qpar:
 -0.957989955620804 2.09334021100329 -1.02623378510934
# vpar:
 -1.17926906322211 -3.92022192279854 0.377712419602063 -0.852141004271334
# ny1par:
 1.51445125922896 -0.337894972841762 -1.33926964795914
# rpar:
 5.57777711585857 -0.641085686458483 -0.407843811899045 -0.335912262084500 -0.585132274621112 -0.319648874090494 -0.540501361868779 -0.669001157805129 -0.772621252405972 -0.648326132525202 -0.296916156521680 -0.118050431327093 -0.146842029915559 -0.0339845294745125 0.101979846275439 0.0630189613749999 -0.195780531809178 -0.0764237055503844 0.680551112210524
# rapar:
 0.00000000000000
# rbpar:
 0.00000000000000
